MeshGeometry
1
1
0
0
8
16384
0 0
32768
Burrow_0
64
0.442953 0.2214765 0.2147651 0.1208054
0.4875 0.35 0.1625 0
0.5625 0.25 0.1875 0
0.5 0.5 0 0
1 0 0 0
1 0 0 0
1 0 0 0
1 0 0 0
1 0 0 0
0.442953 0.2214765 0.2147651 0.1208054
0.5 0.5 0 0
0.4 0.4 0.2 0
0.7 0.3 0 0
0.7 0.3 0 0
0.7 0.3 0 0
1 0 0 0
1 0 0 0
1 0 0 0
0.4875 0.35 0.1625 0
0.442953 0.2214765 0.2147651 0.1208054
0.5625 0.25 0.1875 0
1 0 0 0
0.5 0.5 0 0
1 0 0 0
1 0 0 0
1 0 0 0
1 0 0 0
0.442953 0.2214765 0.2147651 0.1208054
0.4 0.4 0.2 0
0.5 0.5 0 0
0.7 0.3 0 0
0.7 0.3 0 0
0.7 0.3 0 0
1 0 0 0
1 0 0 0
1 0 0 0
1 0 0 0
1 0 0 0
1 0 0 0
0.6 0.2 0.2 0
0.5625 0.25 0.1875 0
0.5625 0.25 0.1875 0
0.4875 0.35 0.1625 0
0.5625 0.25 0.1875 0
0.3326087 0.3326087 0.2173913 0.1173913
0.3326087 0.3326087 0.2173913 0.1173913
0.4875 0.35 0.1625 0
0.45 0.2 0.2 0.15
0.3072289 0.3072289 0.25 0.1355422
0.3072289 0.3072289 0.25 0.1355422
0.3072289 0.3072289 0.25 0.1355422
0.4875 0.35 0.1625 0
0.3326087 0.3326087 0.2173913 0.1173913
0.3326087 0.3326087 0.2173913 0.1173913
0.3072289 0.3072289 0.25 0.1355422
0.4875 0.35 0.1625 0
0.3326087 0.3326087 0.2173913 0.1173913
0.3072289 0.3072289 0.25 0.1355422
0.4875 0.35 0.1625 0
0.3326087 0.3326087 0.2173913 0.1173913
0.3072289 0.3072289 0.25 0.1355422
0.4875 0.35 0.1625 0
0.4 0.4 0.2 0
0.4 0.4 0.2 0
0.4642857 0.35 0.1857143 0
0.4 0.4 0.2 0
0.4642857 0.35 0.1857143 0
0.5 0.175 0.1625 0.1625
0.4 0.4 0.2 0
0.4108328 0.2635109 0.1852007 0.1404556
0.5 0.175 0.1625 0.1625
0.4450549 0.2225275 0.2225275 0.1098901
0.4642857 0.35 0.1857143 0
0.4642857 0.35 0.1857143 0
0.404054 0.35 0.1405406 0.1054054
0.4650001 0.3099999 0.225 0
0.4650001 0.3099999 0.225 0
0.4650001 0.3099999 0.225 0
0.4450549 0.4450549 0.1098901 0
0.4450549 0.4450549 0.1098901 0
0.4450549 0.4450549 0.1098901 0
0.75 0.25 0 0
0.75 0.25 0 0
0.75 0.25 0 0
0.5 0.5 0 0
0.5 0.5 0 0
1 0 0 0
1 0 0 0
1 0 0 0
1 0 0 0
1 0 0 0
1 0 0 0
0.675 0.225 0.1 0
0.5 0.375 0.125 0
0.5 0.375 0.125 0
0.5 0.5 0 0
0.5 0.5 0 0
0.5 0.5 0 0
0.9 0.1 0 0
0.9 0.1 0 0
1 0 0 0
1 0 0 0
1 0 0 0
1 0 0 0
1 0 0 0
1 0 0 0
1 0 0 0
1 0 0 0
1 0 0 0
1 0 0 0
1 0 0 0
1 0 0 0
1 0 0 0
1 0 0 0
1 0 0 0
1 0 0 0
1 0 0 0
1 0 0 0
1 0 0 0
1 0 0 0
1 0 0 0
1 0 0 0
1 0 0 0
1 0 0 0
1 0 0 0
1 0 0 0
1 0 0 0
1 0 0 0
1 0 0 0
1 0 0 0
1 0 0 0
1 0 0 0
1 0 0 0
1 0 0 0
1 0 0 0
1 0 0 0
1 0 0 0
1 0 0 0
1 0 0 0
1 0 0 0
1 0 0 0
1 0 0 0
1 0 0 0
0.4875 0.35 0.1625 0
0.442953 0.2214765 0.2147651 0.1208054
0.4 0.4 0.2 0
0.4 0.4 0.2 0
0.4642857 0.35 0.1857143 0
0.3673913 0.3500001 0.226087 0.05652174
0.5 0.5 0 0
0.4650001 0.3099999 0.225 0
0.4650001 0.3099999 0.225 0
0.477612 0.2 0.1671642 0.1552239
0.3628866 0.3298969 0.2 0.1072165
0.4450549 0.4450549 0.1098901 0
0.4450549 0.4450549 0.1098901 0
0.4450549 0.4450549 0.1098901 0
0.75 0.25 0 0
0.75 0.25 0 0
0.75 0.25 0 0
0.4450549 0.2225275 0.2225275 0.1098901
0.4108328 0.2635109 0.1852007 0.1404556
0.5 0.5 0 0
0.5 0.5 0 0
0.9 0.1 0 0
0.5 0.175 0.1625 0.1625
0.5 0.175 0.1625 0.1625
0.4642857 0.35 0.1857143 0
0.4642857 0.35 0.1857143 0
0.4 0.4 0.2 0
0.4 0.4 0.2 0
0.4875 0.35 0.1625 0
0.4875 0.35 0.1625 0
0.4875 0.35 0.1625 0
0.3326087 0.3326087 0.2173913 0.1173913
0.3326087 0.3326087 0.2173913 0.1173913
0.3326087 0.3326087 0.2173913 0.1173913
0.3072289 0.3072289 0.25 0.1355422
0.3072289 0.3072289 0.25 0.1355422
0.31875 0.31875 0.25 0.1125
0.31875 0.31875 0.25 0.1125
0.3326087 0.3326087 0.2173913 0.1173913
0.3326087 0.3326087 0.2173913 0.1173913
0.3072289 0.3072289 0.25 0.1355422
0.3072289 0.3072289 0.25 0.1355422
0.3326087 0.3326087 0.2173913 0.1173913
0.6 0.2 0.2 0
0.6 0.2 0.2 0
0.5625 0.25 0.1875 0
0.5625 0.25 0.1875 0
0.5625 0.25 0.1875 0
1 0 0 0
1 0 0 0
1 0 0 0
1 0 0 0
1 0 0 0
1 0 0 0
1 0 0 0
1 0 0 0
1 0 0 0
1 0 0 0
1 0 0 0
1 0 0 0
1 0 0 0
1 0 0 0
1 0 0 0
1 0 0 0
1 0 0 0
1 0 0 0
1 0 0 0
1 0 0 0
1 0 0 0
1 0 0 0
1 0 0 0
1 0 0 0
0.9 0.1 0 0
1 0 0 0
1 0 0 0
1 0 0 0
0.9 0.1 0 0
0.9 0.1 0 0
0.9 0.1 0 0
0.5 0.5 0 0
0.5 0.5 0 0
0.5 0.5 0 0
0.675 0.225 0.1 0
0.5 0.375 0.125 0
0.5 0.375 0.125 0
0.5 0.5 0 0
0.5 0.5 0 0
0.5 0.5 0 0
0.442953 0.2214765 0.2147651 0.1208054
0.5 0.5 0 0
0.5 0.5 0 0
0.5 0.5 0 0
0.5 0.5 0 0
0.5 0.5 0 0
0.5 0.5 0 0
1 0 0 0
1 0 0 0
0.5 0.5 0 0
0.5 0.5 0 0
0.5 0.5 0 0
0.5 0.5 0 0
0.5 0.5 0 0
0.5 0.5 0 0
1 0 0 0
1 0 0 0
0.5 0.5 0 0
0.5 0.5 0 0
0.5 0.5 0 0
0.5 0.5 0 0
0.5 0.5 0 0
0.5 0.5 0 0
0.5 0.5 0 0
0.5 0.5 0 0
0.5 0.5 0 0
1 0 0 0
0.5 0.5 0 0
1 0 0 0
0.5 0.5 0 0
0.5 0.5 0 0
0.5 0.5 0 0
0.5 0.5 0 0
0.5 0.5 0 0
0.5 0.5 0 0
0.5 0.5 0 0
0.5 0.5 0 0
0.5 0.5 0 0
0.5 0.5 0 0
0.5 0.5 0 0
0.5 0.175 0.1625 0.1625
0.5 0.175 0.1625 0.1625
0.5 0.5 0 0
0.4450549 0.2225275 0.2225275 0.1098901
0.5 0.5 0 0
0.5 0.5 0 0
0.5 0.5 0 0
0.5 0.5 0 0
0.75 0.25 0 0
0.5 0.375 0.125 0
0.5 0.375 0.125 0
0.75 0.25 0 0
0.5 0.5 0 0
0.5 0.5 0 0
0.5 0.5 0 0
0.5 0.5 0 0
0.5 0.5 0 0
0.5 0.5 0 0
0.5 0.5 0 0
0.5 0.5 0 0
0.5 0.5 0 0
1 0 0 0
1 0 0 0
1 0 0 0
0.5 0.5 0 0
1 0 0 0
0.5 0.5 0 0
0.5 0.5 0 0
0.5 0.5 0 0
0.5 0.5 0 0
0.5 0.5 0 0
0.5 0.5 0 0
0.5 0.5 0 0
0.5 0.5 0 0
0.5 0.5 0 0
0.5 0.5 0 0
0.5 0.5 0 0
0.5 0.5 0 0
0.5 0.5 0 0
0.5 0.5 0 0
0.5 0.5 0 0
0.5 0.5 0 0
0.5 0.5 0 0
0.5 0.5 0 0
0.5 0.5 0 0
0.5 0.5 0 0
0.5 0.5 0 0
0.5 0.5 0 0
0.5 0.5 0 0
0.5 0.5 0 0
0.75 0.25 0 0
0.75 0.25 0 0
0.5 0.375 0.125 0
0.5 0.375 0.125 0
0.4450549 0.2225275 0.2225275 0.1098901
0.5 0.175 0.1625 0.1625
0.5 0.5 0 0
0.5 0.175 0.1625 0.1625
0.5 0.5 0 0
0.5 0.5 0 0
0.5 0.5 0 0
0.5 0.5 0 0
0.5 0.5 0 0
0.5 0.5 0 0
0.5 0.5 0 0
0.5 0.5 0 0
0.5 0.5 0 0
1 0 0 0
1 0 0 0
1 0 0 0
1 0 0 0
1 0 0 0
1 0 0 0
1 0 0 0
1 0 0 0
1 0 0 0
1 0 0 0
1 0 0 0
1 0 0 0
1 0 0 0
1 0 0 0
1 0 0 0
1 0 0 0
1 0 0 0
1 0 0 0
1 0 0 0
1 0 0 0
1 0 0 0
1 0 0 0
1 0 0 0
1 0 0 0
1 0 0 0
1 0 0 0
1 0 0 0
1 0 0 0
1 0 0 0
1 0 0 0
1 0 0 0
1 0 0 0
1 0 0 0
1 0 0 0
1 0 0 0
1 0 0 0
0.5 0.5 0 0
0.3072289 0.3072289 0.25 0.1355422
0.7 0.3 0 0
0.3072289 0.3072289 0.25 0.1355422
0.5 0.5 0 0
0.31875 0.31875 0.25 0.1125
0.5 0.5 0 0
0.31875 0.31875 0.25 0.1125
0.3072289 0.3072289 0.25 0.1355422
0.5 0.5 0 0
0.7 0.3 0 0
0.3072289 0.3072289 0.25 0.1355422
0.7 0.3 0 0
0.3072289 0.3072289 0.25 0.1355422
0.7 0.3 0 0
0.3072289 0.3072289 0.25 0.1355422
0.7 0.3 0 0
0.3072289 0.3072289 0.25 0.1355422
0.3072289 0.3072289 0.25 0.1355422
0.7 0.3 0 0
0.3072289 0.3072289 0.25 0.1355422
0.7 0.3 0 0
0.3072289 0.3072289 0.25 0.1355422
0.7 0.3 0 0
1 0 0 0
0.5 0.5 0 0
0.5 0.5 0 0
0.5 0.5 0 0
0.5 0.5 0 0
0.3673913 0.3500001 0.226087 0.05652174
0.5 0.5 0 0
0.5 0.5 0 0
0.5 0.5 0 0
0.5 0.5 0 0
0.5 0.5 0 0
1 0 0 0
0.5 0.5 0 0
0.5 0.5 0 0
0.5 0.5 0 0
0.5 0.5 0 0
0.5 0.5 0 0
0.5 0.5 0 0
0.5 0.5 0 0
0.5 0.5 0 0
0.5 0.5 0 0
0.5 0.5 0 0
0.5 0.5 0 0
0.5 0.5 0 0
0.3628866 0.3298969 0.2 0.1072165
0.5 0.5 0 0
0.5 0.5 0 0
0.477612 0.2 0.1671642 0.1552239
0.5 0.5 0 0
0.3673913 0.3500001 0.226087 0.05652174
0.7 0.3 0 0
0.7 0.3 0 0
0.7 0.3 0 0
0.7 0.3 0 0
0.7 0.3 0 0
0.7 0.3 0 0
0.5 0.5 0 0
0.7 0.3 0 0
0.5 0.5 0 0
0.5 0.5 0 0
0.5 0.5 0 0
1 0 0 0
1 0 0 0
1 0 0 0
1 0 0 0
1 0 0 0
1 0 0 0
1 0 0 0
1 0 0 0
1 0 0 0
1 0 0 0
1 0 0 0
1 0 0 0
1 0 0 0
0.5625 0.25 0.1875 0
0.6 0.2 0.2 0
0.5625 0.25 0.1875 0
0.4875 0.35 0.1625 0
0.5625 0.25 0.1875 0
0.3326087 0.3326087 0.2173913 0.1173913
0.3326087 0.3326087 0.2173913 0.1173913
0.4875 0.35 0.1625 0
0.45 0.2 0.2 0.15
0.3072289 0.3072289 0.25 0.1355422
0.3072289 0.3072289 0.25 0.1355422
0.3072289 0.3072289 0.25 0.1355422
0.4875 0.35 0.1625 0
0.3326087 0.3326087 0.2173913 0.1173913
0.3326087 0.3326087 0.2173913 0.1173913
0.3072289 0.3072289 0.25 0.1355422
0.4875 0.35 0.1625 0
0.3326087 0.3326087 0.2173913 0.1173913
0.3072289 0.3072289 0.25 0.1355422
0.4875 0.35 0.1625 0
0.3326087 0.3326087 0.2173913 0.1173913
0.3072289 0.3072289 0.25 0.1355422
0.4875 0.35 0.1625 0
0.4 0.4 0.2 0
0.4 0.4 0.2 0
0.4642857 0.35 0.1857143 0
0.4 0.4 0.2 0
0.4642857 0.35 0.1857143 0
0.5 0.175 0.1625 0.1625
0.4 0.4 0.2 0
0.4642857 0.35 0.1857143 0
0.4108328 0.2635109 0.1852007 0.1404556
0.5 0.175 0.1625 0.1625
0.4450549 0.2225275 0.2225275 0.1098901
0.4642857 0.35 0.1857143 0
0.404054 0.35 0.1405406 0.1054054
0.4650001 0.3099999 0.225 0
0.4650001 0.3099999 0.225 0
0.4650001 0.3099999 0.225 0
0.4450549 0.4450549 0.1098901 0
0.4450549 0.4450549 0.1098901 0
0.4450549 0.4450549 0.1098901 0
0.75 0.25 0 0
0.75 0.25 0 0
0.75 0.25 0 0
0.5 0.5 0 0
0.5 0.5 0 0
1 0 0 0
1 0 0 0
1 0 0 0
1 0 0 0
1 0 0 0
1 0 0 0
0.675 0.225 0.1 0
0.5 0.375 0.125 0
0.5 0.375 0.125 0
0.5 0.5 0 0
0.5 0.5 0 0
0.5 0.5 0 0
0.9 0.1 0 0
0.9 0.1 0 0
1 0 0 0
1 0 0 0
1 0 0 0
1 0 0 0
1 0 0 0
1 0 0 0
1 0 0 0
1 0 0 0
1 0 0 0
1 0 0 0
1 0 0 0
1 0 0 0
1 0 0 0
1 0 0 0
1 0 0 0
1 0 0 0
1 0 0 0
1 0 0 0
1 0 0 0
1 0 0 0
1 0 0 0
1 0 0 0
1 0 0 0
1 0 0 0
1 0 0 0
1 0 0 0
1 0 0 0
1 0 0 0
1 0 0 0
1 0 0 0
1 0 0 0
1 0 0 0
1 0 0 0
1 0 0 0
1 0 0 0
1 0 0 0
1 0 0 0
1 0 0 0
1 0 0 0
1 0 0 0
1 0 0 0
1 0 0 0
1 0 0 0
0.442953 0.2214765 0.2147651 0.1208054
0.4875 0.35 0.1625 0
0.4 0.4 0.2 0
0.4 0.4 0.2 0
0.4642857 0.35 0.1857143 0
0.3673913 0.3500001 0.226087 0.05652174
0.5 0.5 0 0
0.4650001 0.3099999 0.225 0
0.4650001 0.3099999 0.225 0
0.477612 0.2 0.1671642 0.1552239
0.3628866 0.3298969 0.2 0.1072165
0.4450549 0.4450549 0.1098901 0
0.4450549 0.4450549 0.1098901 0
0.4450549 0.4450549 0.1098901 0
0.75 0.25 0 0
0.75 0.25 0 0
0.75 0.25 0 0
0.4450549 0.2225275 0.2225275 0.1098901
0.4108328 0.2635109 0.1852007 0.1404556
0.5 0.5 0 0
0.5 0.5 0 0
0.9 0.1 0 0
0.5 0.175 0.1625 0.1625
0.5 0.175 0.1625 0.1625
0.4642857 0.35 0.1857143 0
0.4642857 0.35 0.1857143 0
0.4 0.4 0.2 0
0.4 0.4 0.2 0
0.4875 0.35 0.1625 0
0.4875 0.35 0.1625 0
0.4875 0.35 0.1625 0
0.3326087 0.3326087 0.2173913 0.1173913
0.3326087 0.3326087 0.2173913 0.1173913
0.3326087 0.3326087 0.2173913 0.1173913
0.3072289 0.3072289 0.25 0.1355422
0.3072289 0.3072289 0.25 0.1355422
0.31875 0.31875 0.25 0.1125
0.31875 0.31875 0.25 0.1125
0.3326087 0.3326087 0.2173913 0.1173913
0.3326087 0.3326087 0.2173913 0.1173913
0.3072289 0.3072289 0.25 0.1355422
0.3072289 0.3072289 0.25 0.1355422
0.3326087 0.3326087 0.2173913 0.1173913
0.6 0.2 0.2 0
0.6 0.2 0.2 0
0.5625 0.25 0.1875 0
0.5625 0.25 0.1875 0
0.5625 0.25 0.1875 0
1 0 0 0
1 0 0 0
1 0 0 0
1 0 0 0
1 0 0 0
1 0 0 0
1 0 0 0
1 0 0 0
1 0 0 0
1 0 0 0
1 0 0 0
1 0 0 0
1 0 0 0
1 0 0 0
1 0 0 0
1 0 0 0
1 0 0 0
1 0 0 0
1 0 0 0
1 0 0 0
1 0 0 0
1 0 0 0
1 0 0 0
1 0 0 0
0.9 0.1 0 0
1 0 0 0
1 0 0 0
1 0 0 0
0.9 0.1 0 0
0.9 0.1 0 0
0.9 0.1 0 0
0.5 0.5 0 0
0.5 0.5 0 0
0.5 0.5 0 0
0.675 0.225 0.1 0
0.5 0.375 0.125 0
0.5 0.375 0.125 0
0.5 0.5 0 0
0.5 0.5 0 0
0.442953 0.2214765 0.2147651 0.1208054
0.5 0.5 0 0
0.5 0.5 0 0
0.5 0.5 0 0
0.5 0.5 0 0
0.5 0.5 0 0
0.5 0.5 0 0
0.5 0.5 0 0
1 0 0 0
1 0 0 0
0.5 0.5 0 0
0.5 0.5 0 0
0.5 0.5 0 0
0.5 0.5 0 0
0.5 0.5 0 0
0.5 0.5 0 0
1 0 0 0
0.5 0.5 0 0
1 0 0 0
0.5 0.5 0 0
0.5 0.5 0 0
0.5 0.5 0 0
0.5 0.5 0 0
0.5 0.5 0 0
0.5 0.5 0 0
0.5 0.5 0 0
0.5 0.5 0 0
1 0 0 0
0.5 0.5 0 0
1 0 0 0
0.5 0.5 0 0
0.5 0.5 0 0
0.5 0.5 0 0
0.5 0.5 0 0
0.5 0.5 0 0
0.5 0.5 0 0
0.5 0.5 0 0
0.5 0.5 0 0
0.5 0.5 0 0
0.5 0.5 0 0
0.5 0.5 0 0
0.5 0.175 0.1625 0.1625
0.5 0.175 0.1625 0.1625
0.5 0.5 0 0
0.4450549 0.2225275 0.2225275 0.1098901
0.5 0.5 0 0
0.5 0.5 0 0
0.5 0.5 0 0
0.5 0.5 0 0
0.75 0.25 0 0
0.5 0.375 0.125 0
0.5 0.375 0.125 0
0.75 0.25 0 0
0.5 0.5 0 0
0.5 0.5 0 0
0.5 0.5 0 0
0.5 0.5 0 0
0.5 0.5 0 0
0.5 0.5 0 0
0.5 0.5 0 0
0.5 0.5 0 0
0.5 0.5 0 0
1 0 0 0
1 0 0 0
0.5 0.5 0 0
1 0 0 0
1 0 0 0
0.5 0.5 0 0
0.5 0.5 0 0
0.5 0.5 0 0
0.5 0.5 0 0
0.5 0.5 0 0
0.5 0.5 0 0
0.5 0.5 0 0
0.5 0.5 0 0
0.5 0.5 0 0
0.5 0.5 0 0
0.5 0.5 0 0
0.5 0.5 0 0
0.5 0.5 0 0
0.5 0.5 0 0
0.5 0.5 0 0
0.5 0.5 0 0
0.5 0.5 0 0
0.5 0.5 0 0
0.5 0.5 0 0
0.5 0.5 0 0
0.5 0.5 0 0
0.5 0.5 0 0
0.5 0.5 0 0
0.5 0.5 0 0
0.75 0.25 0 0
0.75 0.25 0 0
0.5 0.375 0.125 0
0.5 0.375 0.125 0
0.4450549 0.2225275 0.2225275 0.1098901
0.5 0.175 0.1625 0.1625
0.5 0.5 0 0
0.5 0.175 0.1625 0.1625
0.5 0.5 0 0
0.5 0.5 0 0
0.5 0.5 0 0
0.5 0.5 0 0
0.5 0.5 0 0
0.5 0.5 0 0
0.5 0.5 0 0
0.5 0.5 0 0
0.5 0.5 0 0
1 0 0 0
1 0 0 0
1 0 0 0
1 0 0 0
1 0 0 0
1 0 0 0
1 0 0 0
1 0 0 0
1 0 0 0
1 0 0 0
1 0 0 0
1 0 0 0
1 0 0 0
1 0 0 0
1 0 0 0
1 0 0 0
1 0 0 0
1 0 0 0
1 0 0 0
1 0 0 0
1 0 0 0
1 0 0 0
1 0 0 0
1 0 0 0
1 0 0 0
1 0 0 0
1 0 0 0
1 0 0 0
1 0 0 0
1 0 0 0
1 0 0 0
1 0 0 0
1 0 0 0
1 0 0 0
1 0 0 0
1 0 0 0
1 0 0 0
1 0 0 0
1 0 0 0
1 0 0 0
1 0 0 0
1 0 0 0
1 0 0 0
1 0 0 0
1 0 0 0
1 0 0 0
1 0 0 0
1 0 0 0
1 0 0 0
1 0 0 0
0.3072289 0.3072289 0.25 0.1355422
0.5 0.5 0 0
0.7 0.3 0 0
0.3072289 0.3072289 0.25 0.1355422
0.5 0.5 0 0
0.31875 0.31875 0.25 0.1125
0.5 0.5 0 0
0.31875 0.31875 0.25 0.1125
0.3072289 0.3072289 0.25 0.1355422
0.5 0.5 0 0
0.7 0.3 0 0
0.3072289 0.3072289 0.25 0.1355422
0.3072289 0.3072289 0.25 0.1355422
0.7 0.3 0 0
0.7 0.3 0 0
0.3072289 0.3072289 0.25 0.1355422
0.7 0.3 0 0
0.3072289 0.3072289 0.25 0.1355422
0.3072289 0.3072289 0.25 0.1355422
0.7 0.3 0 0
0.3072289 0.3072289 0.25 0.1355422
0.7 0.3 0 0
0.3072289 0.3072289 0.25 0.1355422
0.7 0.3 0 0
1 0 0 0
0.5 0.5 0 0
0.5 0.5 0 0
0.5 0.5 0 0
0.5 0.5 0 0
0.3673913 0.3500001 0.226087 0.05652174
0.5 0.5 0 0
0.5 0.5 0 0
0.5 0.5 0 0
0.5 0.5 0 0
1 0 0 0
0.5 0.5 0 0
0.5 0.5 0 0
0.5 0.5 0 0
0.5 0.5 0 0
0.5 0.5 0 0
0.5 0.5 0 0
0.5 0.5 0 0
0.5 0.5 0 0
0.5 0.5 0 0
0.5 0.5 0 0
0.5 0.5 0 0
0.5 0.5 0 0
0.5 0.5 0 0
0.5 0.5 0 0
0.3628866 0.3298969 0.2 0.1072165
0.5 0.5 0 0
0.477612 0.2 0.1671642 0.1552239
0.5 0.5 0 0
0.3673913 0.3500001 0.226087 0.05652174
0.7 0.3 0 0
0.7 0.3 0 0
0.7 0.3 0 0
0.7 0.3 0 0
0.7 0.3 0 0
0.5 0.5 0 0
0.7 0.3 0 0
0.7 0.3 0 0
0.5 0.5 0 0
0.5 0.5 0 0
0.5 0.5 0 0
1 0 0 0
1 0 0 0
1 0 0 0
1 0 0 0
1 0 0 0
1 0 0 0
1 0 0 0
1 0 0 0
1 0 0 0
1 0 0 0
1 0 0 0
1 0 0 0
1 0 0 0
1 0 0 0
1 0 0 0
1 0 0 0
1 0 0 0
1 0 0 0
1 0 0 0
1 0 0 0
1 0 0 0
1 0 0 0
1 0 0 0
1 0 0 0
1 0 0 0
1 0 0 0
1 0 0 0
1 0 0 0
1 0 0 0
1 0 0 0
1 0 0 0
1 0 0 0
1 0 0 0
1 0 0 0
1 0 0 0
1 0 0 0
1 0 0 0
1 0 0 0
1 0 0 0
1 0 0 0
1 0 0 0
1 0 0 0
1 0 0 0
1 0 0 0
1 0 0 0
1 0 0 0
1 0 0 0
1 0 0 0
1 0 0 0
1 0 0 0
1 0 0 0
1 0 0 0
1 0 0 0
1 0 0 0
1 0 0 0
1 0 0 0
1 0 0 0
1 0 0 0
1 0 0 0
1 0 0 0
1 0 0 0
1 0 0 0
1 0 0 0
1 0 0 0
1 0 0 0
1 0 0 0
1 0 0 0
1 0 0 0
1 0 0 0
1 0 0 0
1 0 0 0
1 0 0 0
1 0 0 0
1 0 0 0
1 0 0 0
1 0 0 0
1 0 0 0
1 0 0 0
1 0 0 0
1 0 0 0
1 0 0 0
1 0 0 0
1 0 0 0
1 0 0 0
1 0 0 0
1 0 0 0
1 0 0 0
1 0 0 0
1 0 0 0
1 0 0 0
1 0 0 0
1 0 0 0
1 0 0 0
1 0 0 0
1 0 0 0
1 0 0 0
1 0 0 0
1 0 0 0
1 0 0 0
1 0 0 0
1 0 0 0
1 0 0 0
1 0 0 0
1 0 0 0
1 0 0 0
1 0 0 0
1 0 0 0
1 0 0 0
1 0 0 0
1 0 0 0
1 0 0 0
1 0 0 0
1 0 0 0
1 0 0 0
1 0 0 0
1 0 0 0
1 0 0 0
1 0 0 0
1 0 0 0
1 0 0 0
1 0 0 0
1 0 0 0
1 0 0 0
1 0 0 0
1 0 0 0
1 0 0 0
1 0 0 0
1 0 0 0
1 0 0 0
1 0 0 0
1 0 0 0
1 0 0 0
1 0 0 0
1 0 0 0
1 0 0 0
1 0 0 0
1 0 0 0
1 0 0 0
1 0 0 0
1 0 0 0
1 0 0 0
1 0 0 0
1 0 0 0
1 0 0 0
1 0 0 0
1 0 0 0
1 0 0 0
1 0 0 0
1 0 0 0
1 0 0 0
1 0 0 0
1 0 0 0
1 0 0 0
1 0 0 0
1 0 0 0
1 0 0 0
1 0 0 0
1 0 0 0
1 0 0 0
1 0 0 0
1 0 0 0
1 0 0 0
1 0 0 0
1 0 0 0
1 0 0 0
1 0 0 0
1 0 0 0
1 0 0 0
1 0 0 0
1 0 0 0
1 0 0 0
1 0 0 0
1 0 0 0
1 0 0 0
1 0 0 0
1 0 0 0
1 0 0 0
1 0 0 0
1 0 0 0
1 0 0 0
1 0 0 0
1 0 0 0
1 0 0 0
1 0 0 0
1 0 0 0
1 0 0 0
128
0 1 3 4
2 0 5 0
0 2 4 0
26 24 0 0
26 0 0 0
26 0 0 0
17 0 0 0
17 0 0 0
17 0 0 0
0 1 3 4
0 3 0 0
0 2 1 0
13 9 0 0
13 9 0 0
13 9 0 0
17 0 0 0
17 0 0 0
17 0 0 0
4 0 7 0
0 1 3 4
0 2 4 0
27 0 0 0
25 27 0 0
27 0 0 0
17 0 0 0
17 0 0 0
17 0 0 0
0 1 3 4
0 4 1 0
0 3 0 0
16 11 0 0
16 11 0 0
16 11 0 0
17 0 0 0
17 0 0 0
17 0 0 0
17 0 0 0
17 0 0 0
17 0 0 0
2 0 5 0
0 2 4 0
0 2 4 0
2 0 5 0
0 2 4 0
2 5 0 9
2 5 0 9
2 0 5 0
0 1 2 4
5 9 13 2
5 9 13 2
5 9 13 2
2 0 5 0
2 5 0 9
2 5 0 9
5 9 13 2
2 0 5 0
2 5 0 9
5 9 13 2
2 0 5 0
2 5 0 9
5 9 13 2
2 0 5 0
0 2 1 0
0 2 1 0
0 1 2 0
0 2 1 0
0 1 2 0
12 0 1 8
0 2 1 0
1 0 8 12
12 0 1 8
12 1 8 17
0 1 2 0
0 1 2 0
0 1 2 4
1 0 8 0
1 0 8 0
1 0 8 0
1 8 17 0
1 8 17 0
1 8 17 0
8 17 0 0
8 17 0 0
8 17 0 0
17 8 0 0
17 8 0 0
17 0 0 0
17 0 0 0
17 0 0 0
17 0 0 0
17 0 0 0
17 0 0 0
8 17 12 0
12 8 17 0
12 8 17 0
17 8 0 0
17 8 0 0
17 8 0 0
17 8 0 0
17 8 0 0
17 0 0 0
17 0 0 0
17 0 0 0
17 0 0 0
17 0 0 0
17 0 0 0
17 0 0 0
17 0 0 0
17 0 0 0
17 0 0 0
17 0 0 0
17 0 0 0
17 0 0 0
17 0 0 0
17 0 0 0
17 0 0 0
17 0 0 0
17 0 0 0
17 0 0 0
17 0 0 0
17 0 0 0
17 0 0 0
17 0 0 0
17 0 0 0
17 0 0 0
17 0 0 0
17 0 0 0
17 0 0 0
17 0 0 0
17 0 0 0
17 0 0 0
17 0 0 0
17 0 0 0
17 0 0 0
17 0 0 0
17 0 0 0
17 0 0 0
17 0 0 0
17 0 0 0
17 0 0 0
17 0 0 0
17 0 0 0
17 0 0 0
2 0 5 0
0 1 3 4
0 2 1 0
0 2 1 0
0 1 2 0
0 1 3 2
0 3 0 0
1 0 8 0
1 0 8 0
3 8 0 1
0 3 8 1
1 8 17 0
1 8 17 0
1 8 17 0
8 17 0 0
8 17 0 0
8 17 0 0
12 1 8 17
1 0 8 12
17 8 0 0
17 8 0 0
17 8 0 0
12 0 1 8
12 0 1 8
0 1 2 0
0 1 2 0
0 2 1 0
0 2 1 0
2 0 5 0
2 0 5 0
2 0 5 0
2 5 0 9
2 5 0 9
2 5 0 9
5 9 13 2
5 9 13 2
5 9 13 2
5 9 13 2
2 5 0 9
2 5 0 9
5 9 13 2
5 9 13 2
2 5 0 9
2 0 5 0
2 0 5 0
0 2 4 0
0 2 4 0
0 2 4 0
17 0 0 0
17 0 0 0
17 0 0 0
17 0 0 0
17 0 0 0
17 0 0 0
17 0 0 0
17 0 0 0
17 0 0 0
17 0 0 0
17 0 0 0
17 0 0 0
17 0 0 0
17 0 0 0
17 0 0 0
17 0 0 0
17 0 0 0
17 0 0 0
17 0 0 0
17 0 0 0
17 0 0 0
17 0 0 0
17 0 0 0
17 0 0 0
17 8 0 0
17 0 0 0
17 0 0 0
17 0 0 0
17 8 0 0
17 8 0 0
17 8 0 0
17 8 0 0
17 8 0 0
17 8 0 0
8 17 12 0
12 8 17 0
12 8 17 0
0 3 0 0
3 6 0 0
3 6 0 0
0 1 3 4
22 24 0 0
22 20 0 0
22 20 0 0
22 24 0 0
26 24 0 0
26 24 0 0
26 0 0 0
26 0 0 0
22 20 0 0
22 24 0 0
22 20 0 0
22 24 0 0
26 24 0 0
26 24 0 0
26 0 0 0
26 0 0 0
26 24 0 0
26 24 0 0
22 24 0 0
22 24 0 0
22 20 0 0
22 20 0 0
22 24 0 0
22 20 0 0
26 24 0 0
26 0 0 0
26 24 0 0
26 0 0 0
26 24 0 0
22 24 0 0
22 24 0 0
22 20 0 0
22 20 0 0
20 18 0 0
20 18 0 0
20 18 0 0
12 18 0 0
22 20 0 0
12 18 0 0
12 0 1 8
12 0 1 8
12 18 0 0
12 1 8 17
20 18 0 0
22 24 0 0
22 24 0 0
12 18 0 0
12 8 0 0
12 8 17 0
12 8 17 0
12 8 0 0
12 18 0 0
20 18 0 0
22 20 0 0
22 24 0 0
22 24 0 0
26 24 0 0
26 24 0 0
26 24 0 0
26 24 0 0
26 0 0 0
26 0 0 0
26 0 0 0
26 24 0 0
26 0 0 0
26 24 0 0
22 24 0 0
22 24 0 0
22 20 0 0
26 24 0 0
22 24 0 0
26 24 0 0
26 24 0 0
22 24 0 0
22 24 0 0
22 20 0 0
22 20 0 0
22 20 0 0
22 20 0 0
20 18 0 0
20 18 0 0
20 18 0 0
20 18 0 0
22 20 0 0
22 24 0 0
22 24 0 0
12 18 0 0
12 18 0 0
12 18 0 0
12 8 0 0
12 8 0 0
12 8 17 0
12 8 17 0
12 1 8 17
12 0 1 8
12 18 0 0
12 0 1 8
12 18 0 0
20 18 0 0
22 20 0 0
22 24 0 0
22 24 0 0
26 24 0 0
26 24 0 0
26 24 0 0
26 24 0 0
26 0 0 0
26 0 0 0
17 0 0 0
17 0 0 0
17 0 0 0
17 0 0 0
17 0 0 0
17 0 0 0
17 0 0 0
17 0 0 0
17 0 0 0
17 0 0 0
17 0 0 0
17 0 0 0
17 0 0 0
17 0 0 0
17 0 0 0
17 0 0 0
17 0 0 0
17 0 0 0
17 0 0 0
17 0 0 0
17 0 0 0
17 0 0 0
17 0 0 0
17 0 0 0
17 0 0 0
17 0 0 0
17 0 0 0
17 0 0 0
17 0 0 0
17 0 0 0
17 0 0 0
17 0 0 0
17 0 0 0
17 0 0 0
9 13 0 0
5 9 13 2
13 9 0 0
5 9 13 2
9 13 0 0
5 9 13 2
9 13 0 0
5 9 13 2
5 9 13 2
9 13 0 0
13 9 0 0
5 9 13 2
13 9 0 0
5 9 13 2
13 9 0 0
5 9 13 2
13 9 0 0
5 9 13 2
5 9 13 2
13 9 0 0
5 9 13 2
13 9 0 0
5 9 13 2
13 9 0 0
10 0 0 0
6 10 0 0
6 10 0 0
6 10 0 0
6 10 0 0
0 1 3 2
3 6 0 0
3 6 0 0
0 3 0 0
6 10 0 0
6 10 0 0
10 0 0 0
3 6 0 0
3 6 0 0
3 6 0 0
6 10 0 0
3 6 0 0
6 10 0 0
6 10 0 0
3 6 0 0
6 10 0 0
3 6 0 0
6 10 0 0
3 6 0 0
0 3 8 1
3 6 0 0
3 6 0 0
3 8 0 1
3 6 0 0
0 1 3 2
13 9 0 0
13 9 0 0
13 9 0 0
13 9 0 0
13 9 0 0
13 9 0 0
9 13 0 0
13 9 0 0
9 13 0 0
9 13 0 0
9 13 0 0
17 0 0 0
17 0 0 0
17 0 0 0
17 0 0 0
17 0 0 0
17 0 0 0
17 0 0 0
17 0 0 0
17 0 0 0
17 0 0 0
17 0 0 0
17 0 0 0
17 0 0 0
0 2 4 0
4 0 7 0
0 2 4 0
4 0 7 0
0 2 4 0
4 7 0 11
4 7 0 11
4 0 7 0
0 1 2 4
7 11 16 4
7 11 16 4
7 11 16 4
4 0 7 0
4 7 0 11
4 7 0 11
7 11 16 4
4 0 7 0
4 7 0 11
7 11 16 4
4 0 7 0
4 7 0 11
7 11 16 4
4 0 7 0
0 4 1 0
0 4 1 0
0 1 4 0
0 4 1 0
0 1 4 0
15 0 1 8
0 4 1 0
0 1 4 0
1 0 8 15
15 0 1 8
15 1 8 17
0 1 4 0
0 1 2 4
1 0 8 0
1 0 8 0
1 0 8 0
1 8 17 0
1 8 17 0
1 8 17 0
8 17 0 0
8 17 0 0
8 17 0 0
17 8 0 0
17 8 0 0
17 0 0 0
17 0 0 0
17 0 0 0
17 0 0 0
17 0 0 0
17 0 0 0
8 17 15 0
15 8 17 0
15 8 17 0
17 8 0 0
17 8 0 0
17 8 0 0
17 8 0 0
17 8 0 0
17 0 0 0
17 0 0 0
17 0 0 0
17 0 0 0
17 0 0 0
17 0 0 0
17 0 0 0
17 0 0 0
17 0 0 0
17 0 0 0
17 0 0 0
17 0 0 0
17 0 0 0
17 0 0 0
17 0 0 0
17 0 0 0
17 0 0 0
17 0 0 0
17 0 0 0
17 0 0 0
17 0 0 0
17 0 0 0
17 0 0 0
17 0 0 0
17 0 0 0
17 0 0 0
17 0 0 0
17 0 0 0
17 0 0 0
17 0 0 0
17 0 0 0
17 0 0 0
17 0 0 0
17 0 0 0
17 0 0 0
17 0 0 0
17 0 0 0
17 0 0 0
17 0 0 0
17 0 0 0
17 0 0 0
17 0 0 0
17 0 0 0
0 1 3 4
4 0 7 0
0 4 1 0
0 4 1 0
0 1 4 0
0 1 3 4
0 3 0 0
1 0 8 0
1 0 8 0
3 8 0 1
0 3 8 1
1 8 17 0
1 8 17 0
1 8 17 0
8 17 0 0
8 17 0 0
8 17 0 0
15 1 8 17
1 0 8 15
17 8 0 0
17 8 0 0
17 8 0 0
15 0 1 8
15 0 1 8
0 1 4 0
0 1 4 0
0 4 1 0
0 4 1 0
4 0 7 0
4 0 7 0
4 0 7 0
4 7 0 11
4 7 0 11
4 7 0 11
7 11 16 4
7 11 16 4
7 11 16 4
7 11 16 4
4 7 0 11
4 7 0 11
7 11 16 4
7 11 16 4
4 7 0 11
4 0 7 0
4 0 7 0
0 2 4 0
0 2 4 0
0 2 4 0
17 0 0 0
17 0 0 0
17 0 0 0
17 0 0 0
17 0 0 0
17 0 0 0
17 0 0 0
17 0 0 0
17 0 0 0
17 0 0 0
17 0 0 0
17 0 0 0
17 0 0 0
17 0 0 0
17 0 0 0
17 0 0 0
17 0 0 0
17 0 0 0
17 0 0 0
17 0 0 0
17 0 0 0
17 0 0 0
17 0 0 0
17 0 0 0
17 8 0 0
17 0 0 0
17 0 0 0
17 0 0 0
17 8 0 0
17 8 0 0
17 8 0 0
17 8 0 0
17 8 0 0
17 8 0 0
8 17 15 0
15 8 17 0
15 8 17 0
0 3 0 0
3 6 0 0
0 1 3 4
3 6 0 0
23 21 0 0
23 25 0 0
23 21 0 0
23 25 0 0
25 27 0 0
25 27 0 0
27 0 0 0
27 0 0 0
23 25 0 0
23 21 0 0
23 21 0 0
23 25 0 0
25 27 0 0
25 27 0 0
27 0 0 0
25 27 0 0
27 0 0 0
25 27 0 0
23 25 0 0
23 25 0 0
23 21 0 0
23 21 0 0
23 25 0 0
23 21 0 0
25 27 0 0
27 0 0 0
25 27 0 0
27 0 0 0
25 27 0 0
23 25 0 0
23 25 0 0
23 21 0 0
23 21 0 0
19 21 0 0
19 21 0 0
19 21 0 0
15 19 0 0
23 21 0 0
15 19 0 0
15 0 1 8
15 0 1 8
15 19 0 0
15 1 8 17
19 21 0 0
23 25 0 0
23 25 0 0
15 19 0 0
15 8 0 0
15 8 17 0
15 8 17 0
15 8 0 0
15 19 0 0
19 21 0 0
23 21 0 0
23 25 0 0
23 25 0 0
25 27 0 0
25 27 0 0
25 27 0 0
25 27 0 0
27 0 0 0
27 0 0 0
25 27 0 0
27 0 0 0
27 0 0 0
25 27 0 0
23 25 0 0
23 25 0 0
23 21 0 0
25 27 0 0
23 25 0 0
25 27 0 0
25 27 0 0
23 25 0 0
23 25 0 0
23 21 0 0
23 21 0 0
23 21 0 0
23 21 0 0
19 21 0 0
19 21 0 0
19 21 0 0
19 21 0 0
23 21 0 0
23 25 0 0
23 25 0 0
15 19 0 0
15 19 0 0
15 19 0 0
15 8 0 0
15 8 0 0
15 8 17 0
15 8 17 0
15 1 8 17
15 0 1 8
15 19 0 0
15 0 1 8
15 19 0 0
19 21 0 0
23 21 0 0
23 25 0 0
23 25 0 0
25 27 0 0
25 27 0 0
25 27 0 0
25 27 0 0
27 0 0 0
27 0 0 0
17 0 0 0
17 0 0 0
17 0 0 0
17 0 0 0
17 0 0 0
17 0 0 0
17 0 0 0
17 0 0 0
17 0 0 0
17 0 0 0
17 0 0 0
17 0 0 0
17 0 0 0
17 0 0 0
17 0 0 0
17 0 0 0
17 0 0 0
17 0 0 0
17 0 0 0
17 0 0 0
17 0 0 0
17 0 0 0
17 0 0 0
17 0 0 0
17 0 0 0
17 0 0 0
17 0 0 0
17 0 0 0
17 0 0 0
17 0 0 0
17 0 0 0
17 0 0 0
17 0 0 0
17 0 0 0
17 0 0 0
17 0 0 0
17 0 0 0
17 0 0 0
17 0 0 0
17 0 0 0
17 0 0 0
17 0 0 0
17 0 0 0
17 0 0 0
17 0 0 0
17 0 0 0
17 0 0 0
17 0 0 0
7 11 16 4
11 16 0 0
16 11 0 0
7 11 16 4
11 16 0 0
7 11 16 4
11 16 0 0
7 11 16 4
7 11 16 4
11 16 0 0
16 11 0 0
7 11 16 4
7 11 16 4
16 11 0 0
16 11 0 0
7 11 16 4
16 11 0 0
7 11 16 4
7 11 16 4
16 11 0 0
7 11 16 4
16 11 0 0
7 11 16 4
16 11 0 0
10 0 0 0
6 10 0 0
6 10 0 0
6 10 0 0
6 10 0 0
0 1 3 4
3 6 0 0
0 3 0 0
3 6 0 0
6 10 0 0
10 0 0 0
6 10 0 0
3 6 0 0
3 6 0 0
6 10 0 0
3 6 0 0
3 6 0 0
6 10 0 0
6 10 0 0
3 6 0 0
6 10 0 0
3 6 0 0
3 6 0 0
6 10 0 0
3 6 0 0
0 3 8 1
3 6 0 0
3 8 0 1
3 6 0 0
0 1 3 4
16 11 0 0
16 11 0 0
16 11 0 0
16 11 0 0
16 11 0 0
11 16 0 0
16 11 0 0
16 11 0 0
11 16 0 0
11 16 0 0
11 16 0 0
17 0 0 0
17 0 0 0
17 0 0 0
17 0 0 0
17 0 0 0
17 0 0 0
17 0 0 0
17 0 0 0
17 0 0 0
17 0 0 0
17 0 0 0
17 0 0 0
17 0 0 0
17 0 0 0
17 0 0 0
17 0 0 0
17 0 0 0
17 0 0 0
17 0 0 0
17 0 0 0
17 0 0 0
17 0 0 0
17 0 0 0
17 0 0 0
17 0 0 0
17 0 0 0
17 0 0 0
17 0 0 0
17 0 0 0
17 0 0 0
17 0 0 0
17 0 0 0
17 0 0 0
17 0 0 0
17 0 0 0
17 0 0 0
17 0 0 0
17 0 0 0
17 0 0 0
17 0 0 0
17 0 0 0
17 0 0 0
17 0 0 0
17 0 0 0
17 0 0 0
17 0 0 0
17 0 0 0
17 0 0 0
17 0 0 0
17 0 0 0
17 0 0 0
17 0 0 0
17 0 0 0
17 0 0 0
17 0 0 0
17 0 0 0
17 0 0 0
17 0 0 0
17 0 0 0
17 0 0 0
17 0 0 0
17 0 0 0
17 0 0 0
17 0 0 0
17 0 0 0
17 0 0 0
17 0 0 0
17 0 0 0
17 0 0 0
17 0 0 0
17 0 0 0
17 0 0 0
17 0 0 0
17 0 0 0
17 0 0 0
17 0 0 0
17 0 0 0
17 0 0 0
17 0 0 0
17 0 0 0
17 0 0 0
17 0 0 0
17 0 0 0
17 0 0 0
17 0 0 0
17 0 0 0
17 0 0 0
17 0 0 0
17 0 0 0
17 0 0 0
17 0 0 0
17 0 0 0
17 0 0 0
17 0 0 0
17 0 0 0
17 0 0 0
17 0 0 0
17 0 0 0
17 0 0 0
17 0 0 0
17 0 0 0
17 0 0 0
17 0 0 0
17 0 0 0
17 0 0 0
17 0 0 0
17 0 0 0
17 0 0 0
17 0 0 0
17 0 0 0
17 0 0 0
17 0 0 0
17 0 0 0
17 0 0 0
17 0 0 0
17 0 0 0
17 0 0 0
17 0 0 0
17 0 0 0
17 0 0 0
17 0 0 0
17 0 0 0
17 0 0 0
17 0 0 0
17 0 0 0
17 0 0 0
17 0 0 0
17 0 0 0
17 0 0 0
17 0 0 0
17 0 0 0
17 0 0 0
17 0 0 0
17 0 0 0
17 0 0 0
17 0 0 0
17 0 0 0
17 0 0 0
17 0 0 0
17 0 0 0
17 0 0 0
17 0 0 0
17 0 0 0
17 0 0 0
17 0 0 0
17 0 0 0
17 0 0 0
17 0 0 0
17 0 0 0
17 0 0 0
17 0 0 0
17 0 0 0
17 0 0 0
17 0 0 0
17 0 0 0
17 0 0 0
17 0 0 0
17 0 0 0
17 0 0 0
17 0 0 0
17 0 0 0
17 0 0 0
17 0 0 0
17 0 0 0
17 0 0 0
17 0 0 0
17 0 0 0
17 0 0 0
17 0 0 0
17 0 0 0
17 0 0 0
17 0 0 0
17 0 0 0
17 0 0 0
17 0 0 0
17 0 0 0
17 0 0 0
17 0 0 0
17 0 0 0
17 0 0 0
17 0 0 0
17 0 0 0
17 0 0 0
17 0 0 0
17 0 0 0
17 0 0 0
512
28
RigPelvis
RigSpine1
RigRLeg1
RigTail1
RigLLeg1
RigRLeg2
RigTail2
RigLLeg2
RigRibcage
RigRLegAnkle
RigTail3
RigLLegAnkle
RigRArm1
RigRLegFoot1
RigNeck
RigLArm1
RigLLegFoot1
RigHead
RigRArm2
RigLArm2
RigRArmPalm
RigLArmPalm
RigRArmFinger1
RigLArmFinger1
RigRArmFinger2
RigLArmFinger2
RigRArmFinger3
RigLArmFinger3
1024
28
-1
0
0
0
0
2
3
4
-1
5
6
7
8
9
8
8
11
14
12
15
18
19
20
21
22
23
24
25
2048
28
0 -1 0 0
-2.384186E-07 0 1 0
-1 0 -2.384186E-07 0
3.766985E-10 0.2778871 0.008617347 1

2.019171E-12 -1 5.826455E-13 0
-2.384191E-07 5.82645E-13 1 0
-1 -2.019171E-12 -2.384191E-07 0
4.700758E-09 0.3224353 -0.09030562 1

-0.02167077 0.9481691 -0.3170266 0
-0.08238805 0.3143289 0.9457323 0
0.9963648 0.04661395 0.07130606 0
0.1703943 0.2328765 0.008617427 1

-4.162762E-08 0.3050832 0.9523257 0
-1.813714E-07 0.9523257 -0.3050832 0
-1 -1.854245E-07 1.569032E-08 0
1.165512E-08 0.3170804 -0.2494028 1

0.02167119 0.9481694 -0.3170259 0
0.08238786 0.3143281 0.9457325 0
0.9963647 -0.04661423 -0.07130578 0
-0.1703943 0.2328765 0.008617346 1

-0.01162635 0.7438244 0.6682742 0
-0.0007642661 -0.6683256 0.7438681 0
0.9999319 0.008137725 0.008338685 0
0.1734348 0.09984618 0.05309699 1

-4.368262E-08 0.03628904 0.9993412 0
-1.93121E-07 0.9993412 -0.03628904 0
-1 -1.94579E-07 -3.664566E-08 0
1.539854E-08 0.2896453 -0.3350421 1

0.0116255 0.7438244 0.6682733 0
0.0007624026 -0.6683253 0.7438689 0
0.9999321 -0.008138355 -0.008336718 0
-0.1734349 0.09984618 0.05309682 1

7.921309E-12 -1 2.273739E-12 0
-2.384209E-07 2.273737E-12 1 0
-1 -7.92131E-12 -2.384209E-07 0
4.699008E-09 0.5265285 -0.09030562 1

0.003500157 0.4255287 -0.9049381 0
-0.0002834191 0.9049442 0.4255309 0
0.999994 -0.001232959 0.003288069 0
0.1743839 0.03912252 -0.00145899 1

-4.363024E-08 -0.06088692 0.9981446 0
-1.973689E-07 0.9981446 0.06088692 0
-1 -1.943462E-07 -5.556646E-08 0
1.836668E-08 0.2871796 -0.4029452 1

-0.003431398 0.4258345 -0.9047947 0
0.0002844324 0.9048007 0.4258357 0
0.999994 0.001203855 -0.003225866 0
-0.1743839 0.03912251 -0.001459097 1

-0.9952651 0.05653358 0.07906529 0
0.07854717 -0.01133237 0.996846 0
0.05725121 0.9983364 0.006838164 0
0.2861681 0.4733938 0.0109271 1

1.224689E-07 4.470348E-07 -1 0
-5.401692E-08 1 8.940697E-07 0
1 4.470348E-08 1.504087E-07 0
0.1740831 0.002548367 0.0855132 1

2.338626E-08 -0.8449578 -0.534833 0
-2.316392E-07 -0.534833 0.8449578 0
-1 1.041279E-07 -2.082331E-07 0
2.827095E-09 0.5265285 -0.04748347 1

0.9952651 0.05653334 0.0790652 0
-0.07854731 -0.01132849 0.996846 0
0.05725074 -0.9983364 -0.006834311 0
-0.2861682 0.4733939 0.01092695 1

2.784654E-07 -2.980232E-07 -0.9999999 0
1.247974E-07 1 -5.662441E-07 0
0.9999999 -1.266599E-07 2.630986E-07 0
-0.1740896 0.002518952 0.08550078 1

7.907099E-12 -1 2.273739E-12 0
-2.384209E-07 2.273737E-12 1 0
-1 -7.928416E-12 -2.384209E-07 0
1.497813E-10 0.6232615 0.0137456 1

-0.9943428 0.07631204 -0.07388161 0
-0.07434057 -0.003187031 0.9972279 0
0.07586501 0.9970791 0.008842087 0
0.3850893 0.4677749 0.003068589 1

0.9943427 0.07631105 -0.0738866 0
0.07434513 -0.003181743 0.9972272 0
0.07586441 -0.9970791 -0.008837104 0
-0.3850895 0.467775 0.00306857 1

-0.9943618 0.1035651 -0.02278017 0
0.1027125 0.9940646 0.03586216 0
0.02635904 0.03332016 -0.9990968 0
0.4590337 0.4620999 0.008562479 1

0.9943613 0.1035645 -0.02279384 0
-0.1027118 0.9940652 0.03585468 0
0.02637181 -0.03331129 0.9990969 0
-0.4590338 0.4621001 0.008563466 1

-0.9943622 0.103565 -0.02277589 0
0.1027125 0.9940646 0.03586063 0
0.02635462 0.03331909 -0.9990969 0
0.5357236 0.4541125 0.01031906 1

0.9943609 0.1035646 -0.02279811 0
-0.1027117 0.9940655 0.0358562 0
0.0263762 -0.03331235 0.9990968 0
-0.5357236 0.4541127 0.01032176 1

-0.9943625 0.1035649 -0.02277161 0
0.1027126 0.9940646 0.03585911 0
0.02635019 0.03331801 -0.9990968 0
0.5655544 0.4510055 0.01100221 1

0.9943603 0.1035646 -0.02280238 0
-0.1027117 0.9940658 0.03585772 0
0.02638061 -0.03331341 0.9990966 0
-0.5655544 0.4510057 0.01100583 1

-0.9943629 0.1035649 -0.02276733 0
0.1027127 0.9940647 0.03585759 0
0.02634577 0.03331693 -0.9990968 0
0.5953854 0.4478985 0.01168523 1

0.9943599 0.1035647 -0.02280664 0
-0.1027117 0.9940661 0.03585923 0
0.02638502 -0.03331447 0.9990964 0
-0.5953852 0.4478987 0.01169003 1

4096
28
0 -2.384186E-07 -1 0
-1 0 0 0
0 1 -2.384186E-07 0
0.2778871 -0.008617347 2.431234E-09 1

2.019171E-12 -2.384191E-07 -1 0
-1 5.82645E-13 -2.019171E-12 0
5.826455E-13 1 -2.384191E-07 0
0.3224353 0.09030562 -1.682918E-08 1

-0.02167077 -0.08238805 0.9963648 0
0.9481691 0.3143289 0.04661395 0
-0.3170266 0.9457323 0.07130606 0
-0.2143818 -0.06731112 -0.1812447 1

-4.162762E-08 -1.813714E-07 -1 0
0.3050832 0.9523257 -1.854245E-07 0
0.9523257 -0.3050832 1.569032E-08 0
0.1407768 -0.3780524 7.436281E-08 1

0.02167119 0.08238786 0.9963647 0
0.9481694 0.3143281 -0.04661423 0
-0.3170259 0.9457325 -0.07130578 0
-0.2143818 -0.06731091 0.1812447 1

-0.01162634 -0.0007642679 0.9999326 0
0.7438242 -0.6683262 0.008137731 0
0.668274 0.7438687 0.008338695 0
-0.107735 0.02736519 -0.1746784 1

-4.368263E-08 -1.931211E-07 -1 0
0.03628904 0.9993414 -1.94579E-07 0
0.9993414 -0.03628904 -3.664566E-08 0
0.3243105 -0.3016129 5.947961E-08 1

0.0116255 0.0007624007 0.9999322 0
0.7438251 -0.6683251 -0.008138355 0
0.6682739 0.7438687 -0.008336719 0
-0.1077351 0.02736488 0.1746784 1

7.921309E-12 -2.384209E-07 -1 0
-1 2.273737E-12 -7.92131E-12 0
2.273739E-12 1 -2.384209E-07 0
0.5265285 0.09030562 -1.682756E-08 1

0.003500156 -0.0002834005 0.999994 0
0.4255292 0.9049441 -0.001232956 0
-0.9049382 0.4255303 0.003288068 0
-0.01857846 -0.03473347 -0.1743298 1

-4.363024E-08 -1.97369E-07 -1 0
-0.06088689 0.9981449 -1.943462E-07 0
0.9981449 0.06088689 -5.556646E-08 0
0.4196832 -0.2621127 5.17887E-08 1

-0.003431403 0.0002844306 0.9999942 0
0.4258339 0.9048002 0.001203861 0
-0.9047945 0.4258358 -0.003225868 0
-0.01857826 -0.03472713 0.1743311 1

-0.9952651 0.07854717 0.05725121 0
0.05653358 -0.01133237 0.9983364 0
0.07906529 0.996846 0.006838164 0
0.2571866 -0.02800565 -0.4890645 1

1.136214E-07 -4.656621E-08 1 0
9.23872E-07 1 5.215406E-08 0
-1 3.278255E-07 1.555309E-07 0
0.08551316 -0.002548426 -0.1740831 1

2.338626E-08 -2.316392E-07 -1 0
-0.8449578 -0.534833 1.041279E-07 0
-0.534833 0.8449578 -2.082331E-07 0
0.4194986 0.3217263 -6.188682E-08 1

0.9952651 -0.07854731 0.05725074 0
0.05653334 -0.01132849 -0.9983364 0
0.0790652 0.996846 -0.006834311 0
0.2571867 -0.02800739 0.4890643 1

2.733431E-07 1.229347E-07 1 0
-5.364418E-07 0.9999998 -1.192093E-07 0
-0.9999998 -2.980232E-07 2.579764E-07 0
0.08550084 -0.002518922 0.1740896 1

7.907099E-12 -2.384209E-07 -1 0
-1 2.273737E-12 -7.928416E-12 0
2.273739E-12 1 -2.384209E-07 0
0.6232616 -0.01374558 3.43196E-09 1

-0.9943433 -0.07434055 0.07586499 0
0.07631208 -0.00318703 0.9970788 0
-0.07388163 0.9972277 0.008842085 0
0.3474408 0.02705848 -0.4956504 1

0.9943425 0.07434516 0.0758644 0
0.07631104 -0.003181745 -0.9970789 0
-0.07388659 0.9972277 -0.008837103 0
0.3474412 0.02705782 0.4956502 1

-0.9943618 0.1027124 0.02635902 0
0.103565 0.9940643 0.03332018 0
-0.02278022 0.03586214 -0.9990972 0
0.4087832 -0.5068126 -0.01894218 1

0.9943616 -0.1027117 0.02637183 0
0.1035645 0.9940643 -0.03331128 0
-0.02279382 0.03585466 0.9990972 0
0.4087836 -0.5068123 0.01894297 1

-0.9943617 0.1027125 0.02635462 0
0.1035649 0.9940644 0.03331912 0
-0.02277591 0.03586062 -0.9990977 0
0.4859078 -0.5068126 -0.01893968 1

0.9943619 -0.1027116 0.02637623 0
0.1035647 0.9940639 -0.03331234 0
-0.02279809 0.03585615 0.999097 0
0.4859085 -0.5068121 0.01894549 1

-0.9943616 0.1027126 0.02635019 0
0.1035648 0.9940644 0.03331805 0
-0.02277161 0.0358591 -0.9990981 0
0.5159078 -0.5068126 -0.01893682 1

0.9943622 -0.1027114 0.02638064 0
0.1035648 0.9940634 -0.03331339 0
-0.02280239 0.03585765 0.9990968 0
0.5159087 -0.5068118 0.01894833 1

-0.9943614 0.1027127 0.02634578 0
0.1035647 0.9940645 0.03331698 0
-0.02276731 0.03585758 -0.9990984 0
0.5459078 -0.5068126 -0.01893383 1

0.9943624 -0.1027113 0.02638507 0
0.103565 0.9940631 -0.03331446 0
-0.02280667 0.03585915 0.9990966 0
0.5459087 -0.5068116 0.01895131 1

