MeshAnim
1
25
28
30
0.009938121 -0.9762478 -0.2164288 0
-0.01017207 -0.216527 0.9762236 0
-0.9998989 -0.007500321 -0.01208234 0
-1.37845E-08 0.2349527 0.1145199 1

0.0248977 -0.9677042 -0.2508565 0
-0.01297512 -0.2512259 0.9678416 0
-0.9996059 -0.02084215 -0.01881104 0
0.0005634886 0.2998623 0.02759054 1

0.1565579 0.665694 -0.7296171 0
0.09831199 0.7245545 0.6821702 0
0.9827637 -0.1785292 0.04798904 0
0.1708244 0.1922892 0.1068372 1

-0.01853564 0.03258555 0.9992969 0
-0.0005563488 0.9994683 -0.03260137 0
-0.999828 -0.001160266 -0.01850766 0
0.00223502 0.3290834 -0.1288828 1

-0.112654 0.9542246 0.2770643 0
0.04348572 -0.2738373 0.9607924 0
0.9926824 0.1202855 -0.01064624 0
-0.1699298 0.1897332 0.1027196 1

0.1032051 0.4500421 0.8870221 0
-0.2189058 -0.859644 0.4616208 0
0.9702748 -0.2418166 0.009797193 0
0.1488589 0.09889078 0.2092041 1

-0.07140334 -0.3727314 0.9251878 0
0.06676295 0.9236896 0.3772803 0
-0.9952106 0.08870734 -0.04106987 0
0.003901865 0.3261532 -0.2187461 1

-0.03466832 -0.2029057 0.9785864 0
0.1254472 -0.9723127 -0.1971608 0
0.9914932 0.1159253 0.05916219 0
-0.1541242 0.05585325 0.06384689 1

0.1065022 -0.8974522 -0.4280625 0
-0.01877933 -0.4322498 0.9015587 0
-0.9941354 -0.08797929 -0.06288911 0
-0.01339717 0.4901187 0.09824868 1

0.005650846 0.3230882 -0.9463503 0
0.004290189 0.946352 0.3231123 0
0.9999773 -0.005886773 0.0039613 0
0.1404336 0.06215064 0.1367902 1

-0.08209857 -0.766166 0.6373765 0
0.07586237 0.6328763 0.7705277 0
-0.9937329 0.1116121 0.00616492 0
0.008753569 0.3514794 -0.2816107 1

-0.1317449 0.7931364 0.5946279 0
0.1492649 -0.5771429 0.8028869 0
0.9799799 0.1945329 -0.04235229 0
-0.151294 0.0724179 -0.01604208 1

-0.8706461 0.2966366 -0.3924075 0
-0.3079395 0.2934077 0.905033 0
0.3836014 0.908801 -0.1641082 0
0.2748507 0.423852 0.1847678 1

2.330635E-07 -0.1103059 -0.9938954 0
0.005054001 0.9938868 -0.1103041 0
0.9999895 -0.005024009 0.0005574687 0
0.1399479 0.03539523 0.2272658 1

0.1329993 -0.7163251 -0.6849748 0
0.03715372 -0.6870255 0.7256836 0
-0.9904199 -0.1219647 -0.06475973 0
-0.01420133 0.4716088 0.1368553 1

0.664041 0.2868294 -0.6904916 0
0.6886921 0.1249375 0.7142091 0
0.2911244 -0.9498001 -0.1145735 0
-0.2941293 0.3734983 0.148774 1

5.291076E-07 0.06604813 -0.9978192 0
-0.01124725 0.9977537 0.06604545 0
0.9999352 0.01122207 0.0007426502 0
-0.1383203 -0.004613593 -0.06895484 1

0.1638499 -0.9864857 2.682209E-07 0
-0.025885 -0.004299089 0.9996563 0
-0.986146 -0.1637935 -0.02623956 0
-0.02942745 0.5536156 0.2152731 1

-0.8103924 0.2686707 -0.5206621 0
-0.4294793 0.3320484 0.8398119 0
0.3985179 0.9041905 -0.153701 0
0.3613858 0.3943687 0.2237699 1

0.04710246 0.1506313 -0.9874619 0
0.9524895 0.291042 0.08983131 0
0.3009244 -0.9447785 -0.1297659 0
-0.3601296 0.3449898 0.2174033 1

-0.8382474 0.1392649 -0.5272447 0
0.386406 0.8339025 -0.3940695 0
0.3847778 -0.5340422 -0.752803 0
0.4216506 0.374389 0.2624889 1

0.05332452 0.4566233 -0.8880355 0
-0.3007941 0.8553681 0.42176 0
0.9522139 0.2446342 0.1829659 0
-0.3636323 0.3337881 0.2908359 1

-0.6922544 0.3725472 -0.6181149 0
0.6105478 0.7589465 -0.2263312 0
0.3847713 -0.5340331 -0.7527899 0
0.4862999 0.3636483 0.3031523 1

-0.01913267 0.6454942 -0.763475 0
-0.3048852 0.7235216 0.6193338 0
0.9522296 0.2446383 0.182969 0
-0.3677451 0.298571 0.3593258 1

-0.4881127 0.574546 -0.6570709 0
0.7834134 0.6202409 -0.03957699 0
0.3847646 -0.5340238 -0.7527769 0
0.5070675 0.3524719 0.3216957 1

-0.09050757 0.7979292 -0.5958307 0
-0.2917697 0.5508473 0.7819492 0
0.9522451 0.2446423 0.1829719 0
-0.3671711 0.2792062 0.38223 1

-0.2429655 0.7282927 -0.6408378 0
0.89048 0.4294329 0.150507 0
0.3847579 -0.5340145 -0.7527639 0
0.5217109 0.3352355 0.3414079 1

-0.1567723 0.9053276 -0.3945659 0
-0.2621892 0.347092 0.9004313 0
0.9522606 0.2446462 0.1829749 0
-0.3644558 0.2552683 0.4001049 1

-0.02662492 -0.975919 -0.2165021 0
0.01058137 -0.2168418 0.9761493 0
-0.9995894 0.02369899 0.01609993 0
0.006187486 0.2381832 0.1145199 1

-0.01265123 -0.9675934 -0.2521966 0
-0.0002248739 -0.252214 0.9676713 0
-0.99992 0.01229893 0.002973201 0
0.006326815 0.3031092 0.02760115 1

0.1831268 0.7362812 -0.6514248 0
0.06109898 0.6528257 0.7550404 0
0.9811888 -0.1780694 0.07456383 0
0.1753136 0.1902182 0.1020317 1

0.01044637 0.03041004 0.9994829 0
0.02530244 0.9992096 -0.03066619 0
-0.9996251 0.02560967 0.009668627 0
0.004500737 0.3323823 -0.1288608 1

-0.09376819 0.7989286 0.5940712 0
0.05482775 -0.5916509 0.8043277 0
0.994083 0.107992 0.01167461 0
-0.1653353 0.1982947 0.1075184 1

0.09442764 0.5039677 0.8585436 0
-0.2182821 -0.830932 0.5117673 0
0.9713086 -0.2357304 0.03154426 0
0.1496205 0.08691631 0.1934281 1

-0.06537226 -0.4108944 0.909336 0
0.0838879 0.9057968 0.4153257 0
-0.9943286 0.1034331 -0.02474495 0
0.003561333 0.3296476 -0.2187409 1

-0.06407209 0.03840812 0.9972076 0
0.07636122 -0.9961413 0.04327337 0
0.9950181 0.07892035 0.06089177 0
-0.1521794 0.08620311 0.02416889 1

0.06706993 -0.9004932 -0.4296675 0
-0.05047878 -0.4331482 0.8999084 0
-0.9964709 -0.03866775 -0.07450703 0
0.0004385691 0.4936471 0.09865795 1

0.01307371 0.4443605 -0.8957511 0
-0.0006567761 0.8958338 0.4443896 0
0.9999166 -0.005222445 0.01200352 0
0.1419117 0.04577383 0.1233391 1

-0.1028648 -0.6921713 0.7143649 0
0.1010427 0.7071889 0.6997675 0
-0.9895502 0.1441629 -0.002805974 0
0.008003238 0.357567 -0.2805283 1

-0.09984948 0.9175154 0.3849668 0
0.07493978 -0.3788654 0.9224131 0
0.9921748 0.1209515 -0.03092931 0
-0.1469488 0.08306761 -0.05724026 1

-0.8366461 0.2965881 -0.4605002 0
-0.395017 0.2557119 0.8823676 0
0.3794551 0.9201347 -0.09678298 0
0.2840505 0.4130165 0.1882494 1

-0.001487773 -0.02162288 -0.9997629 0
-0.0007616188 0.9997672 -0.02162154 0
1.000001 0.0007283669 -0.001504034 0
0.1407069 0.007388607 0.2095194 1

0.0988029 -0.7313842 -0.6747711 0
-0.0001181792 -0.6780977 0.7349725 0
-0.9951073 -0.07253766 -0.06708443 0
-0.001723032 0.4750988 0.137194 1

0.7132537 0.2883427 -0.6388489 0
0.6213509 0.1616478 0.7666771 0
0.3243341 -0.9437844 -0.06386617 0
-0.2862661 0.3908856 0.1456063 1

0.002213764 0.114887 -0.993378 0
-0.01959709 0.9931933 0.1148235 0
0.9998038 0.01921265 0.004449612 0
-0.1372729 -0.004911065 -0.08992134 1

0.1330071 -0.9911153 -0.0007637888 0
-0.0266295 -0.004344329 0.9996365 0
-0.9907575 -0.1329384 -0.0269707 0
-0.01303426 0.5588295 0.2144436 1

-0.7466137 0.2640607 -0.6106133 0
-0.5364456 0.3038586 0.7873299 0
0.3934432 0.9153922 -0.08521079 0
0.3672063 0.383538 0.2340194 1

0.1463107 0.1339857 -0.9801176 0
0.9306968 0.3171511 0.1822893 0
0.3352696 -0.9388636 -0.07829754 0
-0.3571577 0.3622267 0.2091027 1

-0.7733032 0.09356983 -0.6271265 0
0.3867169 0.8533895 -0.3495284 0
0.5024614 -0.5127965 -0.6960889 0
0.4227282 0.3639011 0.2794276 1

0.165462 0.4757778 -0.8638365 0
-0.3294607 0.8522826 0.406304 0
0.9295737 0.2173806 0.297778 0
-0.3680381 0.3522628 0.2819892 1

-0.636895 0.3249998 -0.699152 0
0.5847443 0.7946104 -0.1632845 0
0.5024528 -0.5127877 -0.6960768 0
0.4823687 0.3566847 0.3277943 1

0.07893509 0.6715807 -0.7366629 0
-0.3601272 0.7083184 0.6071289 0
0.9295891 0.2173842 0.2977829 0
-0.3807994 0.3155684 0.3486127 1

-0.4512157 0.531297 -0.7170973 0
0.7375436 0.6743609 0.0355962 0
0.502444 -0.5127788 -0.6960648 0
0.5014756 0.3469346 0.3487689 1

-0.01248297 0.8257403 -0.563822 0
-0.3684663 0.5204453 0.7703077 0
0.9296043 0.2173877 0.2977878 0
-0.3831674 0.295421 0.3707126 1

-0.2306254 0.6965014 -0.6795703 0
0.8332914 0.5019396 0.2317294 0
0.5024354 -0.5127699 -0.6960529 0
0.515012 0.3309957 0.3702819 1

-0.103124 0.9287022 -0.356032 0
-0.3539622 0.3003138 0.8857265 0
0.9296193 0.2173913 0.2977926 0
-0.382793 0.2706488 0.3876272 1

-0.05387568 -0.9748992 -0.2160299 0
0.02790406 -0.2177294 0.9756101 0
-0.9981576 0.04653358 0.03893399 0
0.009068465 0.2484867 0.1145199 1

-0.04282011 -0.9663931 -0.2534775 0
0.01075419 -0.2541412 0.9671072 0
-0.999025 0.03868572 0.02127516 0
0.008708156 0.3134552 0.02763346 1

0.2031267 0.7951587 -0.5713683 0
0.02037779 0.5799744 0.81438 0
0.9789402 -0.1770656 0.1016047 0
0.1767241 0.1966768 0.09816217 1

0.03450537 0.03091341 0.9989262 0
0.04339642 0.9985325 -0.03240024 0
-0.9984618 0.04446783 0.03311322 0
0.003980177 0.3428749 -0.1287402 1

-0.08050324 0.6944644 0.7150093 0
0.04060003 -0.7144576 0.6984996 0
0.9959271 0.08526088 0.02932087 0
-0.1634369 0.212535 0.1114305 1

0.06212162 0.4669687 0.8820874 0
-0.2279828 -0.8537909 0.4680445 0
0.9716836 -0.2301773 0.05342206 0
0.148225 0.08511421 0.1783265 1

-0.06156987 -0.4551468 0.888285 0
0.09431792 0.8833379 0.4591494 0
-0.9936363 0.112051 -0.0114585 0
0.0008772295 0.340095 -0.2185702 1

-0.07426111 0.2633511 0.9618394 0
0.02815866 -0.963563 0.2659969 0
0.9968398 0.04683714 0.0641394 0
-0.1521421 0.1151001 0.01111303 1

0.02064732 -0.9022954 -0.4306243 0
-0.07657213 -0.4308782 0.8991558 0
-0.9968505 0.01440867 -0.07798711 0
0.01110263 0.5039821 0.09903844 1

0.04017133 0.5445507 -0.8377637 0
-0.00431275 0.8385293 0.5448396 0
0.9991859 -0.01827485 0.0360332 0
0.1431536 0.04699223 0.1063154 1

-0.1187791 -0.6252115 0.7713634 0
0.121956 0.7617949 0.6362353 0
-0.9854026 0.169644 -0.01423698 0
0.005060771 0.3710212 -0.2789272 1

-0.06690047 0.9633666 0.2597174 0
0.0333565 -0.257994 0.9655709 0
0.9972003 0.07326016 -0.01487503 0
-0.1460797 0.09360084 -0.06740876 1

-0.7948586 0.2947785 -0.5303836 0
-0.4847828 0.2172019 0.8472357 0
0.3649472 0.9305534 -0.02974124 0
0.289715 0.4082968 0.1894988 1

0.004253501 0.006958529 -0.9999648 0
0.0009892024 0.9999762 0.006963357 0
0.9999927 -0.001019824 0.00424649 0
0.13938 -0.001062393 0.187423 1

0.06036573 -0.7508069 -0.657758 0
-0.03718258 -0.6601939 0.7501749 0
-0.9974837 -0.02082767 -0.06776994 0
0.007823659 0.485531 0.1375422 1

0.7614797 0.2904309 -0.5794814 0
0.5433689 0.2014172 0.8149736 0
0.3534112 -0.9354578 -0.004436001 0
-0.2808188 0.4165434 0.1448639 1

0.002761837 0.193563 -0.9810856 0
-0.019793 0.980907 0.1934735 0
0.9997985 0.01888392 0.006539779 0
-0.1396727 0.001774073 -0.0881144 1

0.09633856 -0.9953477 -0.001612172 0
-0.02769251 -0.004299462 0.9996076 0
-0.9949636 -0.09625605 -0.0279778 0
0.0009128228 0.5714854 0.2128441 1

-0.6618516 0.2572126 -0.7041324 0
-0.6474399 0.2773191 0.7098647 0
0.3778555 0.9257089 -0.01701435 0
0.3687175 0.3789982 0.2422145 1

0.2629945 0.1217503 -0.957079 0
0.892889 0.3450963 0.289256 0
0.3655016 -0.9306383 -0.01795095 0
-0.3565038 0.3876769 0.2024596 1

-0.6837158 0.05256486 -0.7278804 0
0.3796443 0.8774225 -0.2932462 0
0.623224 -0.4768188 -0.6198412 0
0.4179361 0.3598706 0.2945774 1

0.2917929 0.47716 -0.8289337 0
-0.3576817 0.8582355 0.3681149 0
0.8870994 0.1890889 0.4211096 0
-0.3760613 0.3786229 0.2736328 1

-0.5590491 0.2826407 -0.7795206 0
0.5468743 0.8323151 -0.09040505 0
0.6232132 -0.4768103 -0.6198306 0
0.4706672 0.3558165 0.3507147 1

0.189504 0.6826275 -0.705714 0
-0.4209121 0.7058713 0.5697283 0
0.887114 0.1890919 0.4211165 0
-0.3985659 0.341822 0.3375644 1

-0.3946056 0.4926158 -0.7757047 0
0.6752017 0.7279904 0.1188742 0
0.6232023 -0.4768023 -0.6198199 0
0.4874387 0.3473373 0.3741004 1

0.07435825 0.8417635 -0.5346075 0
-0.4555773 0.5056114 0.7326729 0
0.8871287 0.189095 0.4211235 0
-0.404251 0.3213431 0.3587359 1

-0.2020823 0.6675507 -0.7167005 0
0.7554936 0.5718676 0.3197024 0
0.6231917 -0.476794 -0.6198092 0
0.4992769 0.3325589 0.3973715 1

-0.04582957 0.9437722 -0.327228 0
-0.4593269 0.2710478 0.8458948 0
0.8871429 0.189098 0.4211304 0
-0.4064818 0.2960902 0.3747742 1

-0.07291043 -0.9737891 -0.2154504 0
0.04179933 -0.2188191 0.9748697 0
-0.9964621 0.06207252 0.05665797 0
0.01058791 0.262589 0.1145199 1

-0.06614197 -0.9647325 -0.2547877 0
0.01987236 -0.2565698 0.9663213 0
-0.9976124 0.0588512 0.03614158 0
0.009701007 0.3276158 0.02768089 1

0.2145623 0.8496714 -0.481686 0
-0.02242795 0.4973281 0.8672729 0
0.9764527 -0.1752808 0.1257642 0
0.177098 0.2081813 0.09516817 1

0.05390106 0.03361812 0.9979801 0
0.05465858 0.9978355 -0.0365653 0
-0.9970492 0.05651911 0.05194691 0
0.002660402 0.3572148 -0.1285719 1

-0.05339212 0.8286348 0.5572374 0
0.003614673 -0.5578694 0.8299209 0
0.998567 0.04632544 0.02679055 0
-0.1624853 0.229335 0.1144766 1

0.0373462 0.4560543 0.8891665 0
-0.2318056 -0.8615651 0.4516335 0
0.9720471 -0.2229813 0.0735399 0
0.1469945 0.08897042 0.1627498 1

-0.05718286 -0.4996709 0.8643255 0
0.09791014 0.8587624 0.5029322 0
-0.993551 0.1133854 -0.0001836047 0
-0.002186731 0.3541917 -0.2183167 1

-0.07693205 0.06585802 0.9948608 0
0.0156458 -0.997614 0.06725012 0
0.9969122 0.02073898 0.07571778 0
-0.1549943 0.1130756 0.03629494 1

-0.02899672 -0.9019641 -0.4308366 0
-0.09461501 -0.4266061 0.8994752 0
-0.9950919 0.06684546 -0.07296909 0
0.02014475 0.5178137 0.09935375 1

0.06611714 0.6299143 -0.7738438 0
-0.006738506 0.7758069 0.6309345 0
0.9977915 -0.03650192 0.05553878 0
0.1439456 0.05173947 0.09016085 1

-0.128047 -0.5895778 0.7974969 0
0.1371971 0.7858554 0.6029997 0
-0.9822326 0.1866267 -0.01973803 0
0.001698722 0.3881432 -0.2770458 1

-0.04529525 0.9833134 0.1762008 0
0.01203959 -0.1758309 0.9843477 0
0.9988995 0.04670751 -0.003874928 0
-0.1487138 0.1076992 -0.04492262 1

-0.7457561 0.2917102 -0.5989611 0
-0.5734053 0.1766929 0.7999909 0
0.3391976 0.9400454 0.0354981 0
0.2937895 0.4075726 0.1883991 1

0.002870832 0.003759593 -0.9999871 0
0.004057609 0.9999856 0.003771916 0
0.9999899 -0.004069336 0.002855733 0
0.1377166 -0.004608214 0.1655801 1

0.01738558 -0.7707653 -0.6368824 0
-0.06838542 -0.6364038 0.7683194 0
-0.9975079 0.03019582 -0.06377324 0
0.01609314 0.4995455 0.1378712 1

0.8079173 0.2927891 -0.5114143 0
0.4550057 0.2415596 0.8570995 0
0.3744865 -0.9251618 0.06193952 0
-0.2757378 0.4458308 0.1466362 1

0.003131276 0.2656947 -0.9640542 0
-0.01997864 0.9638821 0.2655829 0
0.9997936 0.01842868 0.00832583 0
-0.144427 0.01431429 -0.05768214 1

0.05419471 -0.9985284 -0.002229795 0
-0.02552729 -0.003618047 0.9996681 0
-0.9982044 -0.05411977 -0.0256857 0
0.01410279 0.5877846 0.2107832 1

-0.5561008 0.2504664 -0.7924815 0
-0.7534069 0.250654 0.6079006 0
0.3508974 0.935115 0.04931389 0
0.3679116 0.378579 0.247931 1

0.3922847 0.1161575 -0.9124746 0
0.8341342 0.3732299 0.4061172 0
0.3877364 -0.9204398 0.04952149 0
-0.3560382 0.4167299 0.1974667 1

-0.5699285 0.02927856 -0.8211969 0
0.3617283 0.9062561 -0.2187377 0
0.7377863 -0.4217025 -0.5270725 0
0.4092661 0.359953 0.3068638 1

0.4293143 0.4478879 -0.7842457 0
-0.3763155 0.8781152 0.2954888 0
0.8210315 0.1682741 0.5455494 0
-0.3852105 0.4080918 0.2653229 1

-0.4594589 0.2583501 -0.8498394 0
0.4945404 0.8691447 -0.003138408 0
0.7377734 -0.4216951 -0.5270636 0
0.4532214 0.357695 0.3701982 1

0.3121508 0.6677379 -0.6757314 0
-0.4779993 0.725122 0.4957079 0
0.8210451 0.1682767 0.5455584 0
-0.4183214 0.3735484 0.325808 1

-0.3188921 0.4705076 -0.8228203 0
0.5949642 0.7751033 0.2126727 0
0.7377608 -0.421688 -0.5270544 0
0.4670053 0.3499444 0.3956934 1

0.1719434 0.8382775 -0.5173275 0
-0.5443876 0.5185948 0.6593205 0
0.8210586 0.1682794 0.5455674 0
-0.427686 0.3535163 0.3460799 1

-0.1574335 0.6518542 -0.7419058 0
0.6564198 0.6302882 0.4145603 0
0.7377481 -0.4216806 -0.5270454 0
0.476572 0.3358293 0.420378 1

0.01904565 0.9469188 -0.320733 0
-0.5705806 0.2737859 0.7742495 0
0.821072 0.1682821 0.5455764 0
-0.4328442 0.3283679 0.3615997 1

-0.08484924 -0.9729166 -0.2150206 0
0.05229246 -0.2198496 0.9741312 0
-0.9950206 0.07141039 0.06953025 0
0.01125232 0.2772156 0.1145199 1

-0.08316297 -0.9630637 -0.2561104 0
0.02709097 -0.2590905 0.9654729 0
-0.9961678 0.07335337 0.04763705 0
0.009859256 0.3423055 0.02773478 1

0.2168294 0.90198 -0.3733855 0
-0.0665544 0.3952538 0.9161579 0
0.9739382 -0.1737995 0.1457333 0
0.1769795 0.221256 0.09299412 1

0.06876399 0.03790395 0.9969124 0
0.06018551 0.9973003 -0.04207009 0
-0.9958158 0.06289265 0.06629706 0
0.001085288 0.3720731 -0.1283982 1

-0.01743895 0.9384325 0.3450224 0
-0.0219444 -0.345351 0.9382169 0
0.9996071 0.008790158 0.02661592 0
-0.1621127 0.245592 0.1166893 1

0.01766618 0.4537507 0.8909519 0
-0.2317052 -0.8649769 0.4451164 0
0.9726279 -0.2143025 0.08985583 0
0.1465579 0.09470612 0.145381 1

-0.04909149 -0.5392509 0.8407127 0
0.0946009 0.8354335 0.5413885 0
-0.9943041 0.1061098 0.01000093 0
-0.005098415 0.3686646 -0.218047 1

-0.08534601 0.009315267 0.9963097 0
-0.00125017 -0.9999572 0.009242147 0
0.9963493 -0.00045681 0.08535369 0
-0.1596659 0.1139277 0.0682819 1

-0.07269549 -0.8997402 -0.4303294 0
-0.1049166 -0.4221783 0.9004213 0
-0.9918209 0.1106053 -0.0637072 0
0.02697481 0.531965 0.09958838 1

0.09079678 0.7100742 -0.6982472 0
-0.01253665 0.7019041 0.7121611 0
0.995793 -0.05590916 0.0726327 0
0.1451156 0.05766322 0.07264626 1

-0.1313944 -0.5961158 0.7920737 0
0.1446449 0.7789218 0.610212 0
-0.9807209 0.194748 -0.01612081 0
-0.001762756 0.4053055 -0.2751717 1

-0.03154572 0.9927741 0.1157946 0
0.000504069 -0.1158358 0.993269 0
0.9995006 0.03139171 0.003153205 0
-0.1526986 0.1131673 -0.01305395 1

-0.6934721 0.2887036 -0.6601122 0
-0.6522818 0.1375304 0.7453949 0
0.3059836 0.9474895 0.09294248 0
0.2963188 0.4097677 0.186106 1

0.001282236 0.003210396 -0.9999925 0
0.006268404 0.9999759 0.003219053 0
0.9999819 -0.006273508 0.001262482 0
0.1365374 -0.006530702 0.1412573 1

-0.02346115 -0.787981 -0.6152529 0
-0.09023967 -0.611241 0.7862839 0
-0.9956442 0.07396737 -0.05676669 0
0.02248207 0.5138865 0.1381463 1

0.847571 0.294798 -0.4412687 0
0.3648602 0.2800971 0.8879321 0
0.3853589 -0.9135867 0.1298421 0
-0.2713364 0.4730712 0.149644 1

0.003046911 0.3224687 -0.9465771 0
-0.02082934 0.9463959 0.3223399 0
0.9997768 0.01873435 0.009599891 0
-0.149753 0.0191257 -0.02008437 1

0.01061929 -0.9999419 -0.002068266 0
-0.02151504 -0.002296582 0.9997663 0
-0.9997126 -0.01057222 -0.02153811 0
0.02516795 0.6040966 0.2085821 1

-0.4364388 0.2454449 -0.8656133 0
-0.8422452 0.2269242 0.4890003 0
0.3164512 0.9424773 0.1076862 0
0.3652442 0.3810729 0.2517157 1

0.5201508 0.1183376 -0.8458302 0
0.7548021 0.3997301 0.5200972 0
0.3996512 -0.9089636 0.1185985 0
-0.3555782 0.4437707 0.1935026 1

-0.4403094 0.03383669 -0.8972307 0
0.3336221 0.9339039 -0.1285043 0
0.8335518 -0.355907 -0.4224795 0
0.3977001 0.3628204 0.3160871 1

0.5638672 0.3978226 -0.7237032 0
-0.3815845 0.9026885 0.1988988 0
0.7324302 0.1640091 0.6608177 0
-0.3942592 0.4349705 0.2564028 1

-0.3455313 0.2608423 -0.9014677 0
0.4310312 0.8973755 0.09445535 0
0.8335375 -0.3559009 -0.4224722 0
0.4316586 0.3602108 0.3852855 1

0.4347466 0.6342388 -0.6392661 0
-0.523968 0.7555383 0.393232 0
0.7324423 0.1640117 0.6608285 0
-0.4377475 0.4042884 0.3122185 1

-0.2298342 0.4720656 -0.8511369 0
0.5023512 0.8065238 0.3117038 0
0.833523 -0.3558948 -0.4224649 0
0.4420245 0.3523856 0.4123296 1

0.2709841 0.8201026 -0.5038866 0
-0.6245912 0.5481828 0.556222 0
0.7324542 0.1640143 0.6608394 0
-0.4507898 0.3852612 0.3313965 1

-0.1002204 0.6547204 -0.7492819 0
0.5432626 0.6668449 0.5100899 0
0.8335086 -0.3558885 -0.4224576 0
0.4489196 0.3382236 0.4378637 1

0.08563206 0.9406056 -0.3283567 0
-0.6754385 0.2971497 0.6748821 0
0.7324662 0.164017 0.6608502 0
-0.4589194 0.3606581 0.3465131 1

-0.09080625 -0.972416 -0.2148523 0
0.05941137 -0.2206492 0.9735422 0
-0.994095 0.07563889 0.07780874 0
0.01149626 0.2890176 0.1145199 1

-0.09442186 -0.9616985 -0.2573346 0
0.03239169 -0.2613204 0.9647084 0
-0.9950054 0.08275392 0.05582524 0
0.00966435 0.3541643 0.02778555 1

0.2118237 0.9421974 -0.2596054 0
-0.1048523 0.2860094 0.952473 0
0.9716671 -0.174536 0.1593752 0
0.1767976 0.2323601 0.09159108 1

0.07915501 0.04303576 0.995933 0
0.06116894 0.9969757 -0.04794255 0
-0.994984 0.06471491 0.076283 0
-0.0002741236 0.3840618 -0.1282528 1

0.009152763 0.9847481 0.1737462 0
-0.03634043 -0.1733113 0.9841964 0
0.9992979 -0.01532201 0.03420001 0
-0.1619791 0.2581371 0.1181075 1

0.004129611 0.4536714 0.8911579 0
-0.2300208 -0.86684 0.4423577 0
0.9731793 -0.2068122 0.1007746 0
0.1470783 0.1001676 0.1280143 1

-0.03152168 -0.5655442 0.8241155 0
0.08294566 0.8202011 0.5660303 0
-0.9960555 0.0861989 0.02105517 0
-0.007392254 0.3801917 -0.2178136 1

-0.09251241 0.09819791 0.9908595 0
-0.02149564 -0.9950911 0.09661034 0
0.9954785 -0.01236133 0.09416879 0
-0.1632633 0.1199747 0.09373052 1

-0.104799 -0.8969462 -0.429541 0
-0.1096113 -0.4188703 0.9014066 0
-0.9884349 0.1415489 -0.05441835 0
0.03140836 0.5432923 0.09977038 1

0.1126824 0.7751786 -0.621611 0
-0.02113641 0.6273247 0.7784708 0
0.9934087 -0.07458198 0.08707318 0
0.1467412 0.06313118 0.05526277 1

-0.1278074 -0.6401999 0.757502 0
0.1419677 0.7440919 0.6528192 0
-0.981586 0.1909759 -0.004212862 0
-0.005250424 0.4186192 -0.2738104 1

-0.017818 0.998465 -0.05248211 0
-0.009823911 0.05231307 0.9985835 0
0.9997918 0.01830851 0.008876247 0
-0.1557109 0.1119581 0.01283962 1

-0.6421484 0.2849013 -0.7116728 0
-0.7182466 0.1008287 0.6884441 0
0.2678958 0.9532396 0.1398822 0
0.2976022 0.4127232 0.1837715 1

0.0003925767 0.00388436 -0.9999915 0
0.007453702 0.9999653 0.003887564 0
0.9999744 -0.007455952 0.0003641378 0
0.1360661 -0.007492393 0.1169093 1

-0.05967469 -0.7981761 -0.599462 0
-0.1030268 -0.5924006 0.7990296 0
-0.9928874 0.1094423 -0.04688227 0
0.02671459 0.5253553 0.1383705 1

0.8785679 0.2986695 -0.3727141 0
0.2776283 0.3156339 0.9073581 0
0.3886412 -0.9006513 0.1943868 0
-0.268115 0.4937369 0.1526258 1

0.001798802 0.3503575 -0.9366167 0
-0.02251375 0.9363942 0.3502302 0
0.9997435 0.02045693 0.009571794 0
-0.1540998 0.01803818 0.02169303 1

-0.0355937 -0.9993574 -0.004378393 0
-0.01606087 -0.003808767 0.9998643 0
-0.9992378 0.03565902 -0.01591505 0
0.0335463 0.6167327 0.2069986 1

-0.3110036 0.2415458 -0.9192065 0
-0.9090849 0.2064767 0.3618354 0
0.2771947 0.948169 0.1553705 0
0.3614266 0.3844064 0.2545059 1

0.637312 0.1309872 -0.7593851 0
0.6563339 0.4241244 0.6239841 0
0.4038075 -0.8960826 0.1843283 0
-0.3554375 0.4640515 0.1896706 1

-0.304423 0.06388466 -0.9504134 0
0.2973012 0.9542746 -0.03108433 0
0.9049395 -0.2920128 -0.3094842 0
0.3845544 0.3664438 0.3228627 1

0.6843131 0.3419328 -0.6440132 0
-0.3766257 0.9220538 0.08935815 0
0.6243909 0.1814115 0.7597759 0
-0.4028312 0.4543106 0.2461424 1

-0.2257821 0.2869986 -0.9309829 0
0.3606733 0.9123338 0.1937893 0
0.9049239 -0.2920076 -0.3094788 0
0.4080328 0.3615167 0.3961628 1

0.5464115 0.5935889 -0.5907717 0
-0.5581722 0.7840553 0.271503 0
0.6244011 0.1814144 0.7597883 0
-0.4556089 0.4279391 0.2958119 1

-0.1344173 0.4939497 -0.8590987 0
0.4037259 0.8189877 0.4077508 0
0.9049082 -0.2920026 -0.3094734 0
0.4148063 0.3529068 0.4240924 1

0.3619706 0.7946742 -0.4872096 0
-0.6921681 0.579276 0.4305157 0
0.6244113 0.1814171 0.7598008 0
-0.4720012 0.4101314 0.313535 1

-0.03547616 0.6730773 -0.7388076 0
0.4240312 0.6794921 0.5987441 0
0.9048926 -0.2919975 -0.309468 0
0.4188387 0.3380883 0.4498653 1

0.1467039 0.928064 -0.3421512 0
-0.7672036 0.3251624 0.5528536 0
0.6244214 0.1814201 0.7598132 0
-0.4828604 0.3862911 0.3281513 1

-0.09187973 -0.9722942 -0.214947 0
0.06317654 -0.221117 0.9731988 0
-0.993764 0.07583761 0.08174229 0
0.01151238 0.2949381 0.1145199 1

-0.1004437 -0.9608382 -0.2582663 0
0.03575376 -0.262897 0.9641612 0
-0.9943003 0.0876099 0.06075986 0
0.009355825 0.3601256 0.02782373 1

0.2043002 0.964596 -0.166781 0
-0.1271468 0.1950792 0.9725114 0
0.9706159 -0.1774785 0.1624999 0
0.1767091 0.2382521 0.09091656 1

0.0851156 0.04818326 0.9952054 0
0.0588457 0.9968436 -0.05329533 0
-0.9946319 0.06309979 0.08201148 0
-0.001187429 0.3900982 -0.1281604 1

0.02536967 0.9996108 -0.01159792 0
-0.04563825 0.01274772 0.9988767 0
0.9986358 -0.02481183 0.04594396 0
-0.1619549 0.2640969 0.1187735 1

-0.007120926 0.4207988 0.9071246 0
-0.227216 -0.884102 0.4083354 0
0.9738207 -0.2032061 0.1019081 0
0.1480453 0.1029171 0.1143163 1

-0.004097182 -0.5718482 0.820349 0
0.06368171 0.8185418 0.5709064 0
-0.9979619 0.05458032 0.0330625 0
-0.008841575 0.3857653 -0.2176558 1

-0.09966423 0.2241142 0.9694554 0
-0.03252986 -0.974518 0.2219404 0
0.9944879 -0.009416655 0.1044147 0
-0.1655144 0.1238492 0.1204007 1

-0.1267652 -0.89449 -0.4287409 0
-0.1090879 -0.4170346 0.9023207 0
-0.9859166 0.1611533 -0.04471257 0
0.03395665 0.5488594 0.09988832 1

0.1322877 0.8373332 -0.530445 0
-0.03396598 0.5386639 0.8418357 0
0.9906317 -0.09334815 0.09969961 0
0.1486266 0.06856431 0.04026129 1

-0.1223616 -0.7101766 0.6933084 0
0.1309801 0.6808931 0.7205757 0
-0.983805 0.1789804 0.009703763 0
-0.00856318 0.4246211 -0.2733968 1

-0.01284511 0.9683669 -0.2492067 0
-0.01387839 0.2490303 0.9683972 0
0.9998196 0.01589778 0.01023999 0
-0.1573781 0.1055531 0.04125719 1

-0.5986151 0.2827915 -0.7494599 0
-0.7659644 0.07174142 0.6388674 0
0.2344337 0.956495 0.1736627 0
0.2983157 0.4129965 0.181247 1

-0.001079069 -0.004617065 -0.999988 0
0.006787233 0.9999666 -0.004623741 0
0.9999787 -0.006793126 -0.001047216 0
0.1360531 -0.008265942 0.09356192 1

-0.09242743 -0.7995732 -0.5934145 0
-0.1085122 -0.5843277 0.804231 0
-0.9897895 0.1387256 -0.03275552 0
0.02928528 0.531001 0.1385276 1

0.9006007 0.3008307 -0.3137191 0
0.2041054 0.3445404 0.9163153 0
0.3837449 -0.8892658 0.248892 0
-0.2659602 0.5052305 0.1556563 1

0.001524926 0.3164328 -0.9486161 0
-0.0227225 0.948382 0.3163172 0
0.999739 0.02107259 0.008635793 0
-0.1562517 0.01524013 0.06853744 1

-0.0822282 -0.996596 -0.005988657 0
-0.008274719 -0.005326226 0.9999521 0
-0.9965796 0.08227372 -0.007808625 0
0.03986661 0.6225383 0.2064633 1

-0.1926737 0.2389115 -0.9517385 0
-0.9507545 0.1945078 0.2413002 0
0.2427701 0.9513618 0.1896696 0
0.3578132 0.3848893 0.2557372 1

0.7327432 0.151021 -0.6635282 0
0.5508416 0.4409038 0.7086529 0
0.3995737 -0.8847596 0.2398807 0
-0.3554726 0.4753303 0.1868375 1

-0.1787765 0.1145363 -0.977221 0
0.2601214 0.9633606 0.0653234 0
0.9488665 -0.2425102 -0.2020115 0
0.3721414 0.3671227 0.3265132 1

0.7798034 0.2900265 -0.5547487 0
-0.3637751 0.9311715 -0.02453391 0
0.5094689 0.2209449 0.8316599 0
-0.4099631 0.4640996 0.2361808 1

-0.1145512 0.3318263 -0.9363995 0
0.2941129 0.9116331 0.287081 0
0.9488502 -0.2425059 -0.2020081 0
0.3859294 0.3582892 0.4018808 1

0.6367784 0.5531897 -0.537046 0
-0.5787274 0.8032238 0.1411348 0
0.5094773 0.2209484 0.8316736 0
-0.4701055 0.4417313 0.2789658 1

-0.04425166 0.5315345 -0.8459419 0
0.3125151 0.8115798 0.4936275 0
0.9488337 -0.2425019 -0.2020045 0
0.3893659 0.3483344 0.4299729 1

0.4364334 0.7665445 -0.4709972 0
-0.7415753 0.602973 0.2940929 0
0.5094855 0.2209519 0.8316873 0
-0.4892088 0.4251356 0.2950772 1

0.02839581 0.7030744 -0.7106403 0
0.3143513 0.6685015 0.6740134 0
0.9488175 -0.2424976 -0.2020009 0
0.3906934 0.3323884 0.4553511 1

0.1968075 0.9108877 -0.3625517 0
-0.8376628 0.3484497 0.4205726 0
0.5094939 0.2209554 0.8317008 0
-0.5023019 0.4021393 0.3092072 1

-0.08915639 -0.9724858 -0.215227 0
0.06359788 -0.221205 0.9731515 0
-0.9939853 0.07307461 0.08156979 0
0.01155023 0.2917919 0.1145199 1

-0.1017461 -0.9606011 -0.2586379 0
0.03713891 -0.2634737 0.9639515 0
-0.9941172 0.08847268 0.06248302 0
0.009230673 0.3569966 0.02784088 1

0.1987675 0.9733505 -0.1143686 0
-0.126505 0.1412026 0.981865 0
0.9718478 -0.1806946 0.1512002 0
0.1769072 0.2355681 0.09093334 1

0.08670595 0.0524426 0.9948528 0
0.05446033 0.996871 -0.0572954 0
-0.9947444 0.05914777 0.0835785 0
-0.001365017 0.3869822 -0.1281373 1

0.0293953 0.9744788 -0.222547 0
-0.05302709 0.22385 0.9731801 0
0.9981605 -0.01680584 0.05825397 0
-0.1618322 0.2604712 0.1187315 1

-0.02113158 0.3099818 0.9505063 0
-0.2208629 -0.928679 0.2979533 0
0.9750783 -0.2036359 0.08808823 0
0.1490197 0.09900478 0.1069795 1

0.02730075 -0.5552345 0.8312456 0
0.03939879 0.8315074 0.5541153 0
-0.9988507 0.01762221 0.04457625 0
-0.00916218 0.3822662 -0.217601 1

-0.1131729 0.2832398 0.9523504 0
-0.02003286 -0.958963 0.2828258 0
0.9933723 0.01292995 0.1142023 0
-0.1659564 0.1237496 0.1499554 1

-0.1400619 -0.8928531 -0.4280147 0
-0.1036786 -0.4166746 0.9031245 0
-0.9847002 0.1708692 -0.03420956 0
0.03518576 0.5455377 0.09990124 1

0.1490604 0.9161665 -0.3720473 0
-0.05683056 0.3835666 0.921763 0
0.9871962 -0.1162553 0.109241 0
0.1507448 0.07369877 0.02938296 1

-0.1140318 -0.7813752 0.6135547 0
0.1142207 0.603177 0.789387 0
-0.9868895 0.1600958 0.02046785 0
-0.0110172 0.4199932 -0.2740824 1

-0.02469521 0.9113584 -0.4108778 0
-0.01466453 0.410628 0.9116864 0
0.999586 0.02853956 0.003223436 0
-0.1567173 0.1006267 0.07220824 1

-0.5697486 0.2820336 -0.7719103 0
-0.7940159 0.05333837 0.6055526 0
0.2119588 0.9579211 0.1935495 0
0.2990378 0.4070179 0.1783742 1

-0.0006254893 -0.0001775324 -0.9999992 0
0.003065281 0.9999955 -0.0001791567 0
0.9999976 -0.003066376 -0.0006244648 0
0.1365006 -0.01117039 0.06806456 1

-0.1198401 -0.7936957 -0.5963945 0
-0.1087581 -0.5866131 0.8025322 0
-0.9868187 0.1610381 -0.01602109 0
0.03074603 0.5276948 0.138575 1

0.9146129 0.3011069 -0.2698495 0
0.1507881 0.365241 0.9186201 0
0.3751631 -0.8808717 0.2886507 0
-0.264542 0.5048126 0.1587948 1

0.001246435 0.2431369 -0.9699941 0
-0.02583128 0.9696773 0.2430233 0
0.9996641 0.0247532 0.00748851 0
-0.154477 0.01631957 0.1145074 1

-0.1217964 -0.9925482 -0.003865153 0
0.0005991068 -0.003967881 0.9999926 0
-0.9925554 0.121793 0.001077889 0
0.04446564 0.6185592 0.2068518 1

-0.09341196 0.234659 -0.9675835 0
-0.971089 0.1929443 0.1405425 0
0.2196695 0.9527378 0.2098513 0
0.3556662 0.378986 0.2550958 1

0.8016671 0.175175 -0.5715184 0
0.4517779 0.4485319 0.7711859 0
0.3914371 -0.8764337 0.2804331 0
-0.3554471 0.474885 0.1856157 1

-0.07547954 0.1776335 -0.9812185 0
0.2329682 0.959911 0.1558548 0
0.9695353 -0.2168218 -0.1138314 0
0.3626128 0.3615356 0.3270501 1

0.8452696 0.2527117 -0.4707558 0
-0.3523455 0.9260088 -0.1355569 0
0.401682 0.2804616 0.8717951 0
-0.4150631 0.4618581 0.2281166 1

-0.02149789 0.3877032 -0.9215741 0
0.2439446 0.8959196 0.3712304 0
0.9695186 -0.2168179 -0.1138296 0
0.3684341 0.3478358 0.4027261 1

0.6988457 0.5212867 -0.4896923 0
-0.5917991 0.8059829 0.01338387 0
0.4016884 0.2804661 0.8718095 0
-0.4802545 0.4423677 0.2644237 1

0.03357339 0.5781618 -0.8152959 0
0.2425772 0.7865901 0.5678271 0
0.9695017 -0.2168143 -0.1138275 0
0.369079 0.3362047 0.4303734 1

0.4867845 0.7408885 -0.4626318 0
-0.775659 0.6102568 0.161063 0
0.401695 0.2804708 0.8718237 0
-0.5012199 0.426729 0.2791145 1

0.08694765 0.7393707 -0.6677583 0
0.2289341 0.6374525 0.7356955 0
0.9694851 -0.2168105 -0.1138255 0
0.3680718 0.3188598 0.4548323 1

0.2290085 0.8908942 -0.3921188 0
-0.8866596 0.3572188 0.2936096 0
0.4017016 0.2804753 0.8718382 0
-0.5158234 0.4045024 0.2929935 1

-0.08371639 -0.9728947 -0.2155637 0
0.06067645 -0.2208986 0.9734076 0
-0.9946407 0.0684104 0.07752454 0
0.01146395 0.2816578 0.1145199 1

-0.09884717 -0.9610444 -0.2581153 0
0.03648341 -0.2627112 0.9641846 0
-0.9944338 0.08588987 0.06103035 0
0.009191046 0.3468505 0.02783056 1

0.1942519 0.9769557 -0.0884538 0
-0.1087157 0.1110565 0.9878501 0
0.974909 -0.1822753 0.1277834 0
0.1771774 0.2262104 0.09160748 1

0.08402514 0.05485754 0.9949525 0
0.04922899 0.9970359 -0.05912998 0
-0.9952469 0.05394877 0.08107541 0
-0.0009107217 0.3767851 -0.1281902 1

0.01970172 0.8909391 -0.4536955 0
-0.06301454 0.453988 0.8887768 0
0.9978182 0.0110791 0.06508651 0
-0.1617853 0.249524 0.1180271 1

-0.03026917 0.1526276 0.9878189 0
-0.2114202 -0.9668912 0.1429156 0
0.9769289 -0.2045194 0.06153572 0
0.1499235 0.08914132 0.1040178 1

0.05358426 -0.5174138 0.854056 0
0.0149664 0.8556051 0.517413 0
-0.9984514 -0.01494318 0.05359072 0
-0.008466808 0.371852 -0.2176629 1

-0.1273482 0.3162106 0.940105 0
0.01649965 -0.9470142 0.3207697 0
0.9917196 0.05636074 0.1153828 0
-0.1645495 0.1245232 0.1816816 1

-0.1461535 -0.8922169 -0.4273041 0
-0.09364872 -0.4175243 0.9038275 0
-0.9848199 0.1721138 -0.0225324 0
0.03526347 0.5354206 0.09974571 1

0.1618565 0.9751266 -0.151427 0
-0.08690625 0.1669396 0.9821295 0
0.9829827 -0.1458046 0.1117648 0
0.1523946 0.07668123 0.02337508 1

-0.09770913 -0.8355646 0.5406336 0
0.09311269 0.5331752 0.8408653 0
-0.99085 0.1325 0.02570552 0
-0.01210774 0.4070092 -0.2756941 1

-0.04171043 0.7991446 -0.5996934 0
-0.01367222 0.5997016 0.8001078 0
0.9990347 0.04157176 -0.01408843 0
-0.1541532 0.09870875 0.1049341 1

-0.5578753 0.2813278 -0.7807891 0
-0.8050418 0.04520869 0.591493 0
0.2017019 0.9585467 0.2012595 0
0.2998414 0.3964925 0.174986 1

-0.0005172156 0.005727962 -0.9999833 0
-0.000836812 0.9999837 0.005728438 0
1.000002 0.0008388311 -0.0005121585 0
0.1368263 -0.01459432 0.04149525 1

-0.14053 -0.7818257 -0.6074542 0
-0.1052596 -0.598268 0.7943534 0
-0.9844657 0.1755707 0.001779929 0
0.03125324 0.5175413 0.1384495 1

0.9220258 0.3016669 -0.2426229 0
0.1183132 0.377158 0.9185611 0
0.3686067 -0.8756424 0.3120584 0
-0.2638068 0.4949995 0.1620898 1

0.0002018278 0.1018129 -0.9948062 0
-0.02758632 0.9944258 0.1017671 0
0.9996179 0.02742223 0.00300872 0
-0.1503049 0.02571908 0.1645968 1

-0.1524802 -0.9883069 -0.0005692393 0
0.009458907 -0.002035588 0.9999539 0
-0.9882618 0.1524675 0.009658606 0
0.04734149 0.6070468 0.2079925 1

-0.0203026 0.2267848 -0.9737376 0
-0.9776682 0.1992433 0.06678765 0
0.2091572 0.953348 0.2176748 0
0.3552898 0.3685307 0.2525901 1

0.84646 0.2021071 -0.4925929 0
0.3676596 0.4473281 0.8153131 0
0.3851312 -0.8712364 0.3043391 0
-0.3554486 0.4650162 0.1862046 1

-0.002019501 0.2461762 -0.9692439 0
0.2207368 0.9454253 0.2396665 0
0.9753156 -0.213457 -0.05624656 0
0.3567996 0.3516659 0.3250021 1

0.8853978 0.231738 -0.4028929 0
-0.3452446 0.9082927 -0.2362737 0
0.3112028 0.3483052 0.8842341 0
-0.4183957 0.4499865 0.2228363 1

0.04669296 0.4485492 -0.8925792 0
0.215751 0.8678941 0.4474416 0
0.9752987 -0.2134532 -0.05624564 0
0.3569553 0.3326797 0.3997544 1

0.7366092 0.4994216 -0.4559693 0
-0.6004261 0.793265 -0.1011542 0
0.3112078 0.3483108 0.8842487 0
-0.4866822 0.4321137 0.2539094 1

0.09310958 0.6288581 -0.7719932 0
0.2001487 0.747654 0.6332057 0
0.9752818 -0.2134496 -0.05624454 0
0.3555545 0.3192233 0.4265318 1

0.5166633 0.7188482 -0.4649938 0
-0.7975948 0.6016068 0.04373308 0
0.3112129 0.3483163 0.884263 0
-0.5087804 0.4171311 0.2675885 1

0.1349462 0.7782294 -0.6134161 0
0.1746966 0.590619 0.7878163 0
0.9752648 -0.2134458 -0.05624354 0
0.3527611 0.3003576 0.4496916 1

0.2468123 0.8688235 -0.4290972 0
-0.917707 0.3518374 0.1843911 0
0.311218 0.348322 0.8842775 0
-0.5242803 0.3955656 0.2815383 1

-0.07664144 -0.9734245 -0.2158029 0
0.05440801 -0.2202 0.9739361 0
-0.9955732 0.06290245 0.06983846 0
0.01100155 0.2679585 0.1145199 1

-0.09227916 -0.9621817 -0.2563027 0
0.0336956 -0.260271 0.9649474 0
-0.9951631 0.08040825 0.05643882 0
0.009033566 0.3331057 0.02778892 1

0.1887183 0.9798088 -0.06603082 0
-0.08348657 0.08300313 0.9930463 0
0.978476 -0.1818933 0.09746511 0
0.1771924 0.2134258 0.09290639 1

0.07721283 0.05444418 0.995527 0
0.04430838 0.9973341 -0.05797949 0
-0.9960296 0.04858693 0.07459457 0
-3.303681E-05 0.3629263 -0.1283173 1

-0.008852012 0.7638767 -0.6453017 0
-0.0854352 0.6423897 0.7616012 0
0.9963046 0.06187321 0.05957557 0
-0.1620881 0.2348623 0.1167066 1

-0.03020592 -0.00794296 0.9995106 0
-0.2030053 -0.9790793 -0.01391569 0
0.9787139 -0.2033269 0.02796161 0
0.1507148 0.07595636 0.1021707 1

0.06978374 -0.4691352 0.8803646 0
-0.005498216 0.8823221 0.470614 0
-0.9975469 -0.03768167 0.05899227 0
-0.006976516 0.3580304 -0.2178415 1

-0.1360547 0.3236849 0.9363338 0
0.07778266 -0.9387136 0.3358097 0
0.9876421 0.1185186 0.1025389 0
-0.1608462 0.1276886 0.2072439 1

-0.1465157 -0.8925697 -0.4264422 0
-0.07921153 -0.419124 0.9044673 0
-0.9860323 0.1662978 -0.009293588 0
0.03425164 0.5219213 0.09934139 1

0.1724177 0.9793509 0.1055582 0
-0.1254208 -0.08446403 0.9885014 0
0.9770089 -0.183675 0.1082677 0
0.1531807 0.0766048 0.02057352 1

-0.07380375 -0.8698558 0.4877533 0
0.06703215 0.4836546 0.8726884 0
-0.9950176 0.09710287 0.02261277 0
-0.01171817 0.3899071 -0.2776604 1

-0.05091533 0.5926937 -0.8038199 0
-0.01525415 0.8043065 0.5940197 0
0.9985852 0.04250572 -0.03191116 0
-0.1497391 0.101264 0.1308043 1

-0.5628594 0.2808249 -0.7773855 0
-0.8006372 0.0484293 0.5971889 0
0.2053538 0.9585367 0.1975799 0
0.3006189 0.3844768 0.1709037 1

0.0009961855 0.001536921 -0.9999976 0
-0.0006464422 0.9999985 0.001535907 0
1.000002 0.0006437674 0.0009971447 0
0.1364659 -0.01605359 0.01449275 1

-0.1534418 -0.7649478 -0.6255489 0
-0.09901448 -0.6179577 0.7799522 0
-0.983185 0.1816156 0.01907957 0
0.03085964 0.5039735 0.1380726 1

0.9242213 0.3015887 -0.2342212 0
0.1089752 0.379553 0.91873 0
0.365978 -0.8746338 0.3179253 0
-0.2637233 0.4796551 0.1655846 1

-0.001505777 -0.07295811 -0.9973368 0
-0.028022 0.9969462 -0.07288881 0
0.9996047 0.02783701 -0.003546184 0
-0.1450292 0.04853654 0.208904 1

-0.1727705 -0.9849619 0.00116767 0
0.01678411 -0.001758769 0.999858 0
-0.9848195 0.1727654 0.01683553 0
0.04842606 0.5915468 0.2096871 1

0.02221051 0.2141954 -0.9765424 0
-0.9768151 0.2126715 0.02442991 0
0.2129156 0.9533585 0.2139528 0
0.3565626 0.3565651 0.2481695 1

0.8709594 0.2275938 -0.4354543 0
0.3083163 0.436909 0.8450226 0
0.3825759 -0.8702381 0.3103589 0
-0.3555834 0.4496796 0.1888643 1

0.03649753 0.3133912 -0.9489434 0
0.2223227 0.9232113 0.3134446 0
0.9742741 -0.2224045 -0.03597716 0
0.3549109 0.3406364 0.32079 1

0.9062203 0.2200162 -0.3609873 0
-0.3420574 0.8834271 -0.3202618 0
0.2484527 0.4137201 0.8758659 0
-0.4203522 0.4327546 0.2212469 1

0.08447607 0.5086704 -0.8568501 0
0.208862 0.8317419 0.5143687 0
0.9742572 -0.2224005 -0.03597653 0
0.352096 0.3164664 0.3939767 1

0.7562562 0.4820989 -0.4422439 0
-0.6052235 0.7722857 -0.193113 0
0.2484567 0.4137268 0.8758805 0
-0.4902447 0.4157858 0.249088 1

0.1283239 0.6790735 -0.7228394 0
0.1851836 0.6995818 0.6901364 0
0.9742404 -0.2223968 -0.0359759 0
0.3495617 0.3012063 0.4196823 1

0.5323523 0.6970345 -0.4802563 0
-0.8092053 0.585637 -0.0470864 0
0.2484608 0.4137335 0.8758946 0
-0.5129324 0.4013229 0.2623553 1

0.1658958 0.8162632 -0.5534642 0
0.1524452 0.5331936 0.8321475 0
0.9742236 -0.2223929 -0.03597521 0
0.345712 0.2808341 0.4413675 1

0.2564054 0.8438109 -0.4713108 0
-0.9340624 0.3417349 0.1035393 0
0.2484648 0.4137403 0.8759091 0
-0.5289029 0.3804118 0.2767631 1

-0.06828213 -0.9740309 -0.2158737 0
0.04544013 -0.2191906 0.9746234 0
-0.9966308 0.05673996 0.05922687 0
0.009964725 0.2532909 0.1145199 1

-0.08332993 -0.9635869 -0.2540801 0
0.02962595 -0.2572497 0.9658908 0
-0.9960818 0.07296018 0.04998375 0
0.008511478 0.3183652 0.02772409 1

0.1792973 0.9835104 -0.02366298 0
-0.05961586 0.03487042 0.9976124 0
0.981987 -0.1774584 0.06488499 0
0.1767119 0.199781 0.09471136 1

0.0668612 0.05014776 0.9965013 0
0.03987978 0.9978039 -0.05288908 0
-0.9969651 0.0432764 0.06471447 0
0.0009164093 0.348022 -0.1284918 1

-0.04811741 0.6330343 -0.7726269 0
-0.1121925 0.7652026 0.6339384 0
0.9925209 0.1171865 0.03420216 0
-0.1629289 0.2191174 0.1148953 1

-0.02236919 -0.1502604 0.9883919 0
-0.1949529 -0.9690068 -0.1517256 0
0.9805598 -0.1960844 -0.007617874 0
0.1515561 0.06179225 0.09803134 1

0.07701243 -0.4214763 0.9035634 0
-0.02081152 0.905378 0.4240965 0
-0.9968129 -0.05146531 0.06095378 0
-0.005096183 0.3435124 -0.2181036 1

-0.1310601 0.3527589 0.9264926 0
0.1429116 -0.9180685 0.3697674 0
0.9810186 0.1808676 0.06990854 0
-0.156178 0.1303012 0.2232966 1

-0.1435516 -0.8930991 -0.4263419 0
-0.0597319 -0.4221994 0.9045334 0
-0.9878392 0.1553133 0.007260902 0
0.03233937 0.5075107 0.09885691 1

0.1768341 0.9175377 0.3561644 0
-0.1657807 -0.3289315 0.9296884 0
0.970181 -0.2234463 0.09394327 0
0.1533823 0.07405905 0.01734189 1

-0.03668467 -0.8806942 0.4722626 0
0.03417472 0.4711992 0.8813647 0
-0.9987426 0.04847194 0.0128117 0
-0.01032901 0.3721508 -0.2794988 1

-0.0380272 0.3460984 -0.9374301 0
-0.01300486 0.937855 0.3467844 0
0.9991907 0.02537758 -0.03116367 0
-0.1454786 0.101503 0.1476604 1

-0.5842994 0.2822564 -0.7608725 0
-0.7799022 0.06392851 0.622628 0
0.2243822 0.9572069 0.1827788 0
0.3013531 0.3728702 0.1656939 1

0.002259417 0.004075974 -0.9999884 0
0.004504964 0.9999819 0.004085243 0
0.9999896 -0.004515007 0.00224063 0
0.1360932 -0.01372978 -0.01259376 1

-0.1582899 -0.7449449 -0.6480756 0
-0.09077202 -0.6425925 0.7608131 0
